1560025108.8397529125214 150 150 150 150 150
1560025108.8730864524841 150 150 150 149 149
1560025108.9064197540283 149 149 149 149 145
1560025108.9397530555725 150 150 150 150 150
1560025108.9730865955353 150 150 150 150 149
1560025109.0064198970795 149 149 149 149 149
1560025109.0397534370422 150 150 150 150 149
1560025109.0730867385864 149 149 149 148 146
1560025109.1064202785492 146 146 146 146 144
1560025109.1397535800934 150 150 150 148 147
1560025109.1730411052704 147 147 147 147 147
1560025109.2063739299774 147 147 147 145 144
1560025109.2397077083588 150 150 150 145 145
1560025109.2730410099030 145 145 145 145 143
1560025109.3063745498657 143 143 143 140 140
1560025109.3397080898285 150 150 150 148 144
1560025109.3730411529541 144 144 144 144 143
1560025109.4063746929169 143 143 143 142 140
1560025109.4397079944611 150 150 150 141 138
1560025109.4730415344238 138 138 138 137 136
1560025109.5063750743866 136 136 136 136 136
1560025109.5397081375122 150 150 150 148 143
1560025109.5730416774750 143 143 143 143 140
1560025109.6063749790192 140 140 140 136 136
1560025109.6397085189819 150 150 150 147 144
1560025109.6729884147644 144 144 144 140 140
1560025109.7063217163086 140 140 140 137 137
1560025109.7396552562714 150 150 150 143 141
1560025109.7729885578156 141 141 141 134 134
1560025109.8063220977783 134 134 134 128 124
1560025109.8396553993225 150 150 150 145 140
1560025109.8729887008667 140 140 140 129 127
1560025109.9063222408295 127 127 127 123 118
1560025109.9396555423737 150 150 150 144 137
1560025109.9729890823364 137 137 137 134 132
1560025110.0063226222992 132 132 132 129 126
1560025110.0396556854248 150 150 150 144 139
1560025110.0729892253876 139 139 139 128 118
1560025110.1063225269318 118 118 118 107 104
1560025110.1396560668945 150 150 150 145 126
1560025110.1729929447174 126 126 126 118 111
1560025110.2063262462616 111 111 111 110 106
1560025110.2396597862244 150 150 150 140 130
1560025110.2729928493500 130 130 130 120 109
1560025110.3063263893127 109 109 109 104 101
1560025110.3396599292755 150 149 149 135 125
1560025110.3729932308197 125 125 125 121 120
1560025110.4063270092010 120 120 120 111 111
1560025110.4396598339081 150 150 150 143 134
1560025110.4729936122894 134 134 134 124 119
1560025110.5063269138336 119 119 119 113 110
1560025110.5396604537964 150 150 150 117 103
1560025110.5729939937592 103 103 103 100 99
1560025110.6063270568848 99 99 99 92 91
1560025110.6396605968475 150 150 150 142 134
1560025110.6729285717010 134 134 134 126 120
1560025110.7062616348267 120 120 120 117 116
1560025110.7395951747894 150 150 150 142 134
1560025110.7729287147522 134 134 134 128 125
1560025110.8062620162964 125 125 125 112 108
1560025110.8395955562592 150 150 150 140 137
1560025110.8729286193848 137 137 137 135 132
1560025110.9062621593475 132 132 132 128 127
1560025110.9395956993103 150 150 150 143 139
1560025110.9729290008545 139 139 139 132 130
1560025111.0062625408173 130 130 130 121 112
1560025111.0395956039429 150 150 150 144 139
1560025111.0729291439056 139 139 139 128 117
1560025111.1062626838684 117 117 117 108 108
1560025111.1395959854126 150 150 150 145 138
1560025111.1729128360748 138 138 138 132 130
1560025111.2062463760376 130 130 130 123 121
1560025111.2395796775818 150 150 150 139 127
1560025111.2729129791260 127 127 127 118 118
1560025111.3062462806702 118 118 118 113 111
1560025111.3395798206329 150 150 150 142 132
1560025111.3729131221771 132 132 132 129 126
1560025111.4062466621399 126 126 126 117 116
1560025111.4395799636841 150 150 150 141 130
1560025111.4729132652283 130 130 130 123 120
1560025111.5062468051910 120 120 120 112 109
1560025111.5395801067352 150 150 150 145 136
1560025111.5729136466980 136 136 136 124 114
1560025111.6062471866608 114 114 114 105 101
1560025111.6395802497864 150 150 150 138 122
1560025111.6729068756104 122 122 122 118 115
1560025111.7062401771545 115 115 115 108 106
1560025111.7395737171173 150 150 150 145 142
1560025111.7729072570801 142 142 142 134 130
1560025111.8062405586243 130 130 130 117 116
1560025111.8395738601685 150 150 150 137 120
1560025111.8729071617126 120 120 120 114 109
1560025111.9062407016754 109 109 109 96 94
1560025111.9395742416382 150 150 150 142 135
1560025111.9729075431824 135 135 135 127 121
1560025112.0062410831451 121 121 121 116 111
1560025112.0395741462708 150 150 150 138 125
1560025112.0729076862335 125 125 125 116 106
1560025112.1062412261963 106 106 106 99 96
1560025112.1395745277405 150 150 150 143 135
1560025112.1729576587677 135 135 135 129 125
1560025112.2062909603119 125 125 125 112 105
1560025112.2396245002747 150 150 150 143 120
1560025112.2729578018188 120 120 120 107 105
1560025112.3062913417816 105 105 105 101 99
1560025112.3396246433258 150 150 150 144 130
1560025112.3729579448700 130 130 130 127 124
1560025112.4062914848328 124 124 124 116 108
1560025112.4396247863770 150 150 150 144 129
1560025112.4729583263397 129 129 129 118 116
1560025112.5062918663025 116 116 116 103 98
1560025112.5396249294281 150 150 150 141 130
1560025112.5729584693909 130 130 130 126 124
1560025112.6062917709351 124 124 124 115 114
1560025112.6396253108978 150 150 150 142 140
1560025112.6729187965393 140 140 140 129 128
1560025112.7062520980835 128 128 128 122 111
1560025112.7395853996277 150 150 150 140 131
1560025112.7729189395905 131 131 131 125 119
1560025112.8062524795532 119 119 119 109 108
1560025112.8395857810974 150 150 150 140 121
1560025112.8729190826416 121 121 121 113 112
1560025112.9062523841858 112 112 112 107 106
1560025112.9395859241486 150 150 150 139 130
1560025112.9729194641113 130 130 130 124 119
1560025113.0062527656555 119 119 119 111 108
1560025113.0395865440369 150 150 150 146 139
1560025113.0729193687439 139 139 139 133 128
1560025113.1062531471252 128 128 128 121 116
1560025113.1395866870880 150 150 150 135 123
1560025113.1729063987732 123 123 123 113 110
1560025113.2062399387360 110 110 110 106 104
1560025113.2395732402802 150 150 150 138 127
1560025113.2729067802429 127 127 127 120 120
1560025113.3062400817871 120 120 120 112 112
1560025113.3395733833313 150 150 150 137 126
1560025113.3729069232941 126 126 126 120 116
1560025113.4062402248383 116 116 116 112 112
1560025113.4395737648010 150 150 150 140 130
1560025113.4729070663452 130 130 130 122 121
1560025113.5062403678894 121 121 121 106 105
1560025113.5395739078522 150 150 150 144 126
1560025113.5729072093964 126 126 126 115 114
1560025113.6062407493591 114 114 114 107 106
1560025113.6395740509033 150 150 150 143 133
1560025113.6728916168213 133 133 133 121 110
1560025113.7062251567841 110 110 110 100 100
1560025113.7395586967468 150 150 150 139 128
1560025113.7728917598724 128 128 128 116 113
1560025113.8062252998352 113 113 113 106 105
1560025113.8395586013794 150 150 150 137 128
1560025113.8728921413422 128 128 128 114 107
1560025113.9062256813049 107 107 107 98 96
1560025113.9395587444305 150 150 150 142 129
1560025113.9728922843933 129 129 129 122 119
1560025114.0062255859375 119 119 119 107 101
1560025114.0395591259003 150 149 149 139 116
1560025114.0728924274445 116 116 116 103 96
1560025114.1062257289886 96 96 96 90 86
1560025114.1395592689514 150 150 150 138 118
1560025114.1728868484497 118 118 118 109 100
1560025114.2062201499939 100 100 100 94 91
1560025114.2395536899567 150 150 149 136 124
1560025114.2728869915009 124 124 124 113 106
1560025114.3062205314636 106 106 106 95 89
1560025114.3395540714264 150 150 150 139 114
1560025114.3728871345520 114 114 114 107 105
1560025114.4062206745148 105 105 105 93 91
1560025114.4395539760590 150 150 150 134 115
1560025114.4728875160217 115 115 115 105 101
1560025114.5062210559845 101 101 101 88 84
1560025114.5395541191101 150 150 150 140 124
1560025114.5728876590729 124 124 124 115 105
1560025114.6062209606171 105 105 105 97 85
1560025114.6395545005798 150 150 150 135 117
1560025114.6728124618530 117 117 117 111 103
1560025114.7061460018158 103 103 103 95 90
1560025114.7394793033600 150 150 150 139 116
1560025114.7728128433228 116 116 116 106 103
1560025114.8061461448669 103 103 103 96 85
1560025114.8394794464111 150 150 150 141 118
1560025114.8728129863739 118 118 118 112 103
1560025114.9061462879181 103 103 103 93 86
1560025114.9394798278809 150 150 150 142 121
1560025114.9728131294250 121 121 121 108 106
1560025115.0061464309692 106 106 106 98 94
1560025115.0394799709320 150 150 150 137 109
1560025115.0728132724762 109 109 109 98 90
1560025115.1061468124390 90 90 90 84 81
1560025115.1394801139832 150 150 150 144 130
1560025115.1727559566498 130 130 130 121 108
1560025115.2060892581940 108 108 108 103 102
1560025115.2394225597382 150 150 150 140 124
1560025115.2727560997009 124 124 124 121 117
1560025115.3060894012451 117 117 117 107 105
1560025115.3394231796265 150 150 150 140 127
1560025115.3727564811707 127 127 127 121 114
1560025115.4060897827148 114 114 114 109 103
1560025115.4394233226776 150 150 150 141 119
1560025115.4727566242218 119 119 119 114 103
1560025115.5060901641846 103 103 103 100 93
1560025115.5394232273102 150 150 150 142 137
1560025115.5727567672729 137 137 137 130 126
1560025115.6060903072357 126 126 126 116 112
1560025115.6394236087799 150 150 150 145 135
1560025115.6728398799896 135 135 135 130 128
1560025115.7061734199524 128 128 128 123 109
1560025115.7395064830780 150 150 150 147 141
1560025115.7728400230408 141 141 141 130 126
1560025115.8061733245850 126 126 126 118 111
1560025115.8395068645477 150 150 150 144 135
1560025115.8728404045105 135 135 135 128 125
1560025115.9061734676361 125 125 125 115 108
1560025115.9395070075989 150 150 150 142 127
1560025115.9728403091431 127 127 127 122 119
1560025116.0061740875244 119 119 119 112 111
1560025116.0395076274872 150 150 150 146 132
1560025116.0728409290314 132 132 132 125 117
1560025116.1061742305756 117 117 117 114 110
1560025116.1395075321198 150 150 150 121 103
1560025116.1727836132050 103 103 103 97 92
1560025116.2061169147491 92 92 92 88 87
1560025116.2394504547119 150 150 150 142 132
1560025116.2727837562561 132 132 132 126 117
1560025116.3061172962189 117 117 117 116 114
1560025116.3394505977631 150 150 150 145 116
1560025116.3727838993073 116 116 116 112 103
1560025116.4061174392700 103 103 103 101 99
1560025116.4394507408142 150 150 150 140 125
1560025116.4727842807770 125 125 125 118 115
1560025116.5061175823212 115 115 115 108 102
1560025116.5394508838654 150 150 150 142 126
1560025116.5727844238281 126 126 126 116 111
1560025116.6061177253723 111 111 111 104 101
1560025116.6394512653351 150 150 150 138 120
1560025116.6727664470673 120 120 120 115 110
1560025116.7060997486115 110 110 110 105 98
1560025116.7394335269928 150 150 150 143 128
1560025116.7727665901184 128 128 128 114 109
1560025116.8061003684998 109 109 109 102 100
1560025116.8394336700439 150 150 150 144 132
1560025116.8727669715881 132 132 132 118 110
1560025116.9061005115509 110 110 110 104 97
1560025116.9394338130951 150 150 150 142 128
1560025116.9727673530579 128 128 128 121 113
1560025117.0061006546021 113 113 113 109 108
1560025117.0394341945648 150 150 150 139 118
1560025117.0727672576904 118 118 118 114 110
1560025117.1061007976532 110 110 110 106 96
1560025117.1394343376160 150 150 150 138 120
1560025117.1727182865143 120 120 120 111 108
1560025117.2060515880585 108 108 108 101 101
1560025117.2393851280212 150 150 150 141 126
1560025117.2727184295654 126 126 126 117 105
1560025117.3060517311096 105 105 105 94 90
1560025117.3393852710724 150 150 150 139 118
1560025117.3727185726166 118 118 118 112 106
1560025117.4060521125793 106 106 106 100 97
1560025117.4393854141235 150 150 150 138 129
1560025117.4727187156677 129 129 129 116 112
1560025117.5060522556305 112 112 112 104 98
1560025117.5393855571747 150 150 150 142 120
1560025117.5727190971375 120 120 120 112 107
1560025117.6060523986816 107 107 107 101 96
1560025117.6393857002258 150 150 150 115 100
1560025117.6726765632629 100 100 100 90 85
1560025117.7060098648071 85 85 85 77 73
1560025117.7393431663513 150 150 150 134 114
1560025117.7726767063141 114 114 114 110 106
1560025117.8060100078583 106 106 106 100 99
1560025117.8393435478210 150 150 150 138 124
1560025117.8726768493652 124 124 124 109 102
1560025117.9060101509094 102 102 102 99 98
1560025117.9393434524536 150 150 150 142 126
1560025117.9726769924164 126 126 126 119 113
1560025118.0060107707977 113 113 113 107 104
1560025118.0393438339233 150 150 150 135 119
1560025118.0726773738861 119 119 119 110 103
1560025118.1060106754303 103 103 103 96 94
1560025118.1393442153931 150 150 150 134 118
1560025118.1726777553558 118 118 118 111 104
1560025118.2059235572815 104 104 104 94 91
1560025118.2392570972443 150 150 150 134 120
1560025118.2725903987885 120 120 120 115 105
1560025118.3059239387512 105 105 105 100 99
1560025118.3392570018768 150 150 150 137 119
1560025118.3725905418396 119 119 119 107 104
1560025118.4059238433838 104 104 104 95 84
1560025118.4392573833466 150 150 150 136 120
1560025118.4725909233093 120 120 120 111 106
1560025118.5059239864349 106 106 106 95 92
1560025118.5392575263977 150 150 150 134 116
1560025118.5725908279419 116 116 116 112 104
1560025118.6059243679047 104 104 104 96 85
1560025118.6392579078674 150 150 150 131 115
1560025118.6725909709930 115 115 115 106 102
1560025118.7059268951416 102 102 102 95 93
1560025118.7392604351044 150 150 150 132 113
1560025118.7725937366486 113 113 113 103 102
1560025118.8059272766113 102 102 102 96 90
1560025118.8392605781555 150 150 150 129 115
1560025118.8725938796997 115 115 115 108 101
1560025118.9059274196625 101 101 101 92 85
1560025118.9392607212067 150 150 150 132 116
1560025118.9725942611694 116 116 116 112 108
1560025119.0059275627136 108 108 108 97 93
1560025119.0392611026764 150 150 150 133 119
1560025119.0725944042206 119 119 119 107 97
1560025119.1059277057648 97 97 97 93 91
1560025119.1392612457275 150 150 150 132 110
1560025119.1725945472717 110 110 110 99 92
1560025119.2059245109558 92 92 92 78 72
1560025119.2392580509186 150 150 150 128 105
1560025119.2725913524628 105 105 105 95 84
1560025119.3059248924255 84 84 84 74 69
1560025119.3392579555511 150 150 150 123 112
1560025119.3725914955139 112 112 112 100 95
1560025119.4059250354767 95 95 95 85 77
1560025119.4392583370209 150 150 150 126 102
1560025119.4725918769836 102 102 102 99 89
1560025119.5059249401093 89 89 89 84 75
1560025119.5392584800720 150 150 150 123 106
1560025119.5725917816162 106 106 106 101 93
1560025119.6059253215790 93 93 93 88 84
1560025119.6392588615417 150 150 150 125 102
1560025119.6725919246674 102 102 102 98 97
1560025119.7059597969055 97 97 97 83 80
1560025119.7726266384125 150 150 150 108 94
1560025119.8059599399567 94 94 94 87 79
1560025119.8726267814636 150 150 150 117 85
1560025119.9059603214264 85 85 85 78 73
1560025119.9726269245148 150 150 150 116 90
1560025120.0059604644775 90 90 90 78 77
1560025120.0726273059845 150 150 150 121 98
1560025120.1059606075287 98 98 98 90 87
1560025120.1726274490356 150 150 150 118 99
1560025120.2058598995209 99 99 99 91 89
1560025120.2725267410278 150 150 150 115 77
1560025120.3058600425720 77 77 77 74 72
1560025120.3725268840790 150 150 150 123 105
1560025120.4058604240417 105 105 105 102 97
1560025120.4725270271301 150 150 150 126 108
1560025120.5058605670929 108 108 108 102 99
1560025120.5391938686371 150 150 150 133 115
1560025120.5725274085999 115 115 115 102 95
1560025120.6058607101440 95 95 95 91 80
1560025120.6725275516510 150 150 150 119 85
1560025120.7392368316650 85 85 85 73 67
1560025120.7725703716278 150 150 150 132 117
1560025120.8059036731720 117 117 117 105 100
1560025120.8725702762604 150 150 150 113 95
1560025120.9059038162231 95 95 95 87 85
1560025120.9725706577301 150 150 150 116 92
1560025121.0059039592743 92 92 92 89 87
1560025121.0725708007812 150 150 150 129 103
1560025121.1059041023254 103 103 103 97 94
1560025121.1392376422882 150 150 150 139 121
1560025121.1725709438324 121 121 121 106 104
1560025121.2058231830597 104 104 104 98 98
1560025121.2724900245667 150 150 150 119 95
1560025121.3058233261108 95 95 95 81 80
1560025121.3724901676178 150 150 150 131 114
1560025121.4391570091248 114 114 114 94 79
1560025121.5058236122131 150 150 150 135 109
1560025121.5724904537201 150 150 150 123 103
1560025121.6058239936829 103 103 103 96 93
1560025121.6724908351898 150 150 150 128 105
1560025121.7057960033417 105 105 105 100 90
1560025121.7724628448486 150 150 150 113 95
1560025121.8057961463928 95 95 95 91 88
1560025121.8724629878998 150 150 150 115 78
1560025121.9057962894440 78 78 78 68 67
1560025121.9724631309509 150 150 150 112 85
1560025122.0057966709137 85 85 85 79 77
1560025122.0724632740021 150 150 150 107 86
1560025122.1057965755463 86 86 86 78 76
1560025122.1724636554718 150 150 150 112 88
1560025122.2057747840881 88 88 88 79 75
1560025122.2724416255951 150 150 150 105 76
1560025122.3057749271393 76 76 76 66 62
1560025122.3724420070648 150 150 150 89 60
1560025122.4057750701904 60 60 60 54 47
1560025122.4724419116974 150 150 150 87 71
1560025122.5057754516602 71 71 71 65 60
1560025122.5391087532043 150 150 150 121 82
1560025122.5724420547485 82 82 82 71 61
1560025122.6057755947113 61 61 61 57 53
1560025122.6391088962555 150 150 150 113 79
1560025122.6724424362183 79 79 78 72 64
1560025122.7057969570160 64 64 64 59 57
1560025122.7724635601044 150 150 150 96 81
1560025122.8057971000671 81 81 81 75 70
1560025122.8391304016113 150 150 150 122 89
1560025122.8724639415741 89 89 89 84 81
1560025122.9057970046997 81 81 81 78 78
1560025122.9724638462067 150 150 150 122 99
1560025123.0057973861694 99 99 99 93 89
1560025123.1057975292206 150 150 150 121 99
1560025123.1391308307648 150 150 150 138 134
1560025123.2058176994324 134 134 134 125 121
1560025123.2724843025208 150 149 149 138 122
1560025123.3058178424835 122 122 122 115 115
1560025123.3724846839905 150 150 150 140 128
1560025123.4058182239532 128 128 128 126 119
1560025123.4391512870789 150 150 150 146 128
1560025123.5058183670044 128 128 128 121 115
1560025123.5391516685486 150 150 150 143 133
1560025123.5724852085114 133 133 133 127 123
1560025123.6391518115997 123 123 123 113 110
1560025123.6724853515625 150 150 150 144 135
1560025123.7391610145569 135 135 135 126 117
1560025123.7724945545197 150 150 150 141 128
1560025123.8391613960266 128 128 128 121 118
1560025123.8724946975708 150 150 150 126 113
1560025123.9058282375336 113 113 113 102 97
1560025123.9724948406219 150 150 150 135 120
1560025124.0058283805847 120 120 120 115 114
1560025124.0724952220917 150 150 150 134 119
1560025124.1058285236359 119 119 119 112 110
1560025124.1724953651428 150 150 150 126 108
1560025124.2058308124542 108 108 108 100 100
1560025124.2724976539612 150 150 150 129 116
1560025124.3058307170868 116 116 116 106 103
1560025124.3724977970123 150 150 150 129 118
1560025124.4058310985565 118 118 118 106 103
1560025124.4724977016449 150 150 150 111 108
1560025124.5058314800262 108 108 108 105 105
1560025124.5724983215332 150 150 150 133 116
1560025124.6058318614960 116 116 116 109 108
1560025124.6724984645844 150 150 150 132 125
1560025124.7057230472565 125 125 125 120 117
1560025124.7723901271820 150 150 150 133 117
1560025124.8057234287262 117 117 117 108 107
1560025124.8723900318146 150 150 150 129 121
1560025124.9057235717773 121 121 121 110 109
1560025124.9390568733215 150 150 150 139 130
1560025125.0057239532471 130 130 130 114 106
1560025125.0390570163727 150 150 150 139 133
1560025125.0723905563354 133 133 133 125 121
1560025125.1057238578796 121 121 121 105 103
1560025125.1723909378052 150 150 150 133 114
1560025125.2390105724335 114 114 114 100 96
1560025125.2723441123962 150 150 150 139 129
1560025125.3056771755219 129 129 129 122 122
1560025125.4056775569916 150 150 150 121 100
1560025125.4390110969543 150 150 150 143 137
1560025125.5056777000427 137 137 137 114 105
1560025125.5723445415497 150 150 150 133 115
1560025125.6056780815125 115 115 115 107 99
1560025125.6723446846008 150 150 150 127 115
1560025125.7056818008423 115 115 115 103 103
1560025125.7723486423492 150 150 149 123 99
1560025125.8056821823120 99 99 99 91 90
1560025125.8723487854004 150 150 150 126 106
1560025125.9056823253632 106 106 106 91 85
1560025125.9723491668701 150 150 150 128 111
1560025126.0056827068329 111 111 111 101 98
1560025126.0723493099213 150 150 150 124 105
1560025126.1056826114655 105 105 105 93 90
1560025126.1723496913910 150 150 150 121 101
1560025126.2056164741516 101 101 101 89 87
1560025126.3056166172028 150 150 150 101 74
1560025126.3722834587097 150 150 150 125 103
1560025126.4056167602539 103 103 103 94 89
1560025126.4722836017609 150 150 150 127 111
1560025126.5056169033051 111 111 111 105 92
1560025126.5722837448120 150 150 150 138 118
1560025126.6056172847748 118 118 118 110 110
1560025126.6722838878632 150 149 149 123 100
1560025126.7056541442871 100 100 100 95 93
1560025126.7723207473755 150 150 149 133 106
1560025126.8056542873383 106 106 106 99 90
1560025126.8723211288452 150 150 150 132 103
1560025126.9056541919708 103 103 103 96 95
1560025126.9723212718964 150 150 150 133 121
1560025127.0056545734406 121 121 121 109 108
1560025127.0723211765289 150 150 150 125 103
1560025127.1056547164917 103 103 103 96 94
1560025127.2056865692139 150 150 150 122 97
1560025127.2390198707581 150 150 150 143 131
1560025127.2723531723022 131 131 131 121 110
1560025127.3056867122650 110 110 110 104 99
1560025127.4056868553162 150 150 150 113 92
1560025127.4390201568604 150 150 150 141 122
1560025127.5056869983673 122 122 122 105 94
1560025127.5723538398743 150 150 150 122 102
1560025127.6056871414185 102 102 102 92 90
1560025127.6390204429626 150 150 150 140 123
1560025127.7055988311768 123 123 123 111 92
1560025127.7722656726837 150 150 150 123 89
1560025127.8055992126465 89 89 89 84 84
1560025127.8722658157349 150 150 150 130 110
1560025127.9055995941162 110 110 110 105 100
1560025127.9722664356232 150 150 150 125 97
1560025128.0055997371674 97 97 97 92 90
1560025128.0722665786743 150 150 150 128 103
1560025128.1055998802185 103 103 103 96 91
1560025128.1389334201813 150 150 150 141 131
1560025128.1722669601440 131 131 131 121 111
1560025128.2055335044861 111 111 111 104 97
1560025128.2722001075745 150 150 150 132 110
1560025128.3055336475372 110 110 110 100 92
1560025128.3388671875000 150 150 150 138 122
1560025128.3722004890442 122 122 122 105 101
1560025128.4055340290070 101 101 101 89 88
1560025128.4722006320953 150 150 150 132 111
1560025128.5055341720581 111 111 111 102 97
1560025128.5722010135651 150 150 150 113 97
1560025128.6055340766907 97 97 97 89 85
1560025128.6722011566162 150 150 150 118 96
1560025128.7388639450073 96 96 96 87 76
1560025128.7721972465515 150 150 150 140 124
1560025128.8055307865143 124 124 124 118 105
1560025128.8721978664398 150 150 150 123 99
1560025128.9055311679840 99 99 99 90 83
1560025128.9721980094910 150 150 150 130 115
1560025129.0055313110352 115 115 115 110 101
1560025129.0721981525421 150 150 150 135 110
1560025129.1055314540863 110 110 110 105 97
1560025129.1721982955933 150 150 150 132 118
1560025129.2054629325867 118 118 118 111 110
1560025129.2721297740936 150 150 150 124 104
1560025129.3054630756378 104 104 104 100 94
1560025129.3721299171448 150 150 150 136 118
1560025129.4054634571075 118 118 118 116 113
1560025129.4721300601959 150 150 150 139 123
1560025129.5054636001587 123 123 123 113 104
1560025129.5721304416656 150 150 150 136 122
1560025129.6054639816284 122 122 122 116 116
1560025129.6721305847168 150 150 150 137 119
1560025129.7054708003998 119 119 119 111 109
1560025129.7721376419067 150 150 150 135 113
1560025129.8054709434509 113 113 113 105 104
1560025129.8721377849579 150 150 150 133 108
1560025129.9054710865021 108 108 108 103 102
1560025129.9721379280090 150 150 150 136 108
1560025130.0054714679718 108 108 108 99 92
1560025130.0721380710602 150 150 150 137 111
1560025130.1054713726044 111 111 111 103 100
1560025130.2054967880249 150 150 150 125 93
1560025130.2721636295319 150 150 150 132 108
1560025130.3054971694946 108 108 108 100 97
1560025130.3721637725830 150 150 150 130 102
1560025130.4054970741272 102 102 102 90 82
1560025130.4721641540527 150 150 150 131 106
1560025130.5388307571411 106 106 106 97 94
1560025130.6054975986481 150 150 150 135 108
1560025130.6721642017365 150 150 150 129 98
1560025130.7054445743561 98 98 98 91 86
1560025130.7387778759003 150 150 150 143 122
1560025130.8054447174072 122 122 122 109 92
1560025130.8387780189514 150 150 150 139 121
1560025130.9054448604584 121 121 121 103 88
1560025130.9387784004211 150 150 150 145 129
1560025130.9721117019653 129 129 129 120 107
1560025131.0054450035095 107 107 107 103 101
1560025131.0721118450165 150 150 150 129 101
1560025131.1054453849792 101 101 101 93 93
1560025131.1721119880676 150 150 150 133 111
1560025131.2054984569550 111 111 111 103 100
1560025131.2721652984619 150 150 150 134 109
1560025131.3054988384247 109 109 109 100 95
1560025131.3721654415131 150 150 150 129 97
1560025131.4054989814758 97 97 97 92 91
1560025131.4721658229828 150 150 150 131 101
1560025131.5054991245270 101 101 101 95 83
1560025131.5721662044525 150 150 150 143 112
1560025131.6054995059967 112 112 112 107 95
1560025131.6721663475037 150 150 150 141 118
1560025131.7054617404938 118 118 118 115 110
1560025131.7721283435822 150 150 150 134 110
1560025131.8054616451263 110 110 110 106 100
1560025131.8721287250519 150 150 150 142 109
1560025131.9054620265961 109 109 109 98 95
1560025131.9721286296844 150 150 150 136 103
1560025132.0054621696472 103 103 103 92 88
1560025132.0721290111542 150 150 150 138 105
1560025132.1054625511169 105 105 105 97 88
1560025132.1721293926239 150 149 149 140 100
1560025132.2053840160370 100 100 100 94 84
1560025132.2720510959625 150 149 149 138 106
1560025132.3053841590881 106 106 106 100 92
1560025132.3720510005951 150 150 150 141 104
1560025132.4053845405579 104 104 104 100 96
1560025132.4720513820648 150 150 150 123 84
1560025132.5053846836090 84 84 84 78 72
1560025132.5720515251160 150 150 150 134 100
1560025132.6053850650787 100 100 100 94 90
1560025132.6720516681671 150 150 150 134 94
1560025132.7053990364075 94 94 94 91 86
1560025132.7387320995331 150 150 150 137 108
1560025132.7720656394958 108 108 108 100 94
1560025132.8053989410400 94 94 94 88 85
1560025132.8720662593842 150 149 149 124 96
1560025132.9053993225098 96 96 96 94 86
1560025132.9387328624725 150 150 150 139 111
1560025133.0053997039795 111 111 111 91 84
1560025133.0387332439423 150 150 150 144 110
1560025133.0720663070679 110 110 110 103 98
1560025133.1053998470306 98 98 98 95 90
1560025133.1387331485748 150 150 150 138 102
1560025133.1720666885376 102 102 102 95 92
1560025133.2053754329681 92 92 92 90 88
1560025133.2720422744751 150 150 150 118 93
1560025133.3053758144379 93 93 93 88 82
1560025133.3720424175262 150 150 149 122 97
1560025133.4053759574890 97 97 97 91 82
1560025133.4387092590332 150 150 150 141 113
1560025133.5053758621216 113 113 113 105 99
1560025133.5387094020844 150 150 150 142 124
1560025133.5720429420471 124 124 124 117 105
1560025133.6053762435913 105 105 105 98 92
1560025133.6387097835541 150 150 150 139 126
1560025133.7053446769714 126 126 126 107 87
1560025133.7386782169342 150 150 150 140 117
1560025133.7720115184784 117 117 117 112 109
1560025133.8053450584412 109 109 109 106 103
1560025133.8720116615295 150 150 150 133 119
1560025133.9053452014923 119 119 119 118 117
1560025133.9720120429993 150 150 150 134 127
1560025134.0053453445435 127 127 127 126 120
1560025134.0386786460876 150 150 150 138 132
1560025134.0720121860504 132 132 132 125 122
1560025134.1053454875946 122 122 122 117 117
1560025134.1720120906830 150 149 149 133 118
1560025134.2053456306458 118 118 118 114 112
1560025134.2720124721527 150 150 150 140 118
1560025134.3386793136597 118 118 118 107 99
1560025134.3720126152039 150 150 150 145 133
1560025134.4053459167480 133 133 133 128 125
1560025134.4720127582550 150 150 150 139 120
1560025134.5053462982178 120 120 120 113 110
1560025134.5720129013062 150 150 150 143 129
1560025134.6053466796875 129 129 129 123 122
1560025134.6720135211945 150 150 150 133 118
1560025134.7054913043976 118 118 118 110 105
1560025134.7721581459045 150 150 150 137 114
1560025134.8054914474487 114 114 114 109 104
1560025134.8721582889557 150 150 150 117 97
1560025134.9388251304626 97 97 97 91 85
1560025134.9721584320068 150 150 150 142 129
1560025135.0388252735138 129 129 129 122 112
1560025135.1054921150208 150 150 150 142 127
1560025135.1721589565277 150 150 150 137 117
1560025135.2052736282349 117 117 117 112 110
1560025135.2719404697418 150 150 150 143 120
1560025135.3052737712860 120 120 120 109 107
1560025135.3719406127930 150 150 150 139 125
1560025135.4052739143372 125 125 125 120 118
1560025135.4719407558441 150 150 150 142 127
1560025135.5052740573883 127 127 127 119 116
1560025135.5386075973511 150 150 150 149 135
1560025135.6052744388580 135 135 135 126 115
1560025135.6719412803650 150 150 150 138 117
1560025135.7384872436523 117 117 117 108 103
1560025135.7718207836151 150 150 150 142 126
1560025135.8051543235779 126 126 126 118 112
1560025135.8718209266663 150 150 150 135 107
1560025135.9051542282104 107 107 107 102 100
1560025135.9718213081360 150 150 150 136 113
1560025136.0384881496429 113 113 113 106 92
1560025136.1051547527313 150 150 150 133 118
1560025136.1718215942383 150 150 150 137 118
1560025136.2051551342010 118 118 118 111 101
1560025136.2385437488556 150 150 150 146 116
1560025136.3052103519440 116 116 116 107 94
1560025136.3718771934509 150 150 150 138 112
1560025136.4052107334137 112 112 112 110 105
1560025136.4718773365021 150 150 150 135 106
1560025136.5052108764648 106 106 106 101 84
1560025136.5718777179718 150 150 150 137 98
1560025136.6052112579346 98 98 98 93 85
1560025136.6718778610229 150 150 150 109 78
1560025136.7052111625671 78 78 78 73 71
1560025136.7718420028687 150 150 150 125 90
1560025136.8051753044128 90 90 90 84 78
1560025136.8718421459198 150 150 150 124 84
1560025136.9051754474640 84 84 84 75 64
1560025136.9385089874268 150 150 150 135 107
1560025136.9718422889709 107 107 107 99 84
1560025137.0051758289337 84 84 84 78 69
1560025137.0718424320221 150 150 150 112 73
1560025137.1051759719849 73 73 73 67 59
1560025137.1385092735291 150 150 150 130 94
1560025137.1718428134918 94 94 94 85 79
1560025137.2051761150360 79 79 79 71 64
1560025137.2385194301605 150 150 150 131 96
1560025137.3051862716675 96 96 96 72 59
1560025137.3385198116302 150 150 150 113 80
1560025137.3718531131744 80 80 80 73 62
1560025137.4051864147186 62 62 62 57 54
1560025137.4385197162628 150 150 150 114 83
1560025137.4718532562256 83 83 83 73 62
1560025137.5051867961884 62 62 62 57 53
1560025137.5718533992767 150 150 150 93 58
1560025137.6051867008209 58 58 58 52 47
1560025137.6385202407837 150 150 150 117 89
1560025137.6718535423279 89 89 89 82 74
1560025137.7051870822906 74 74 74 68 64
1560025137.7384648323059 150 150 150 119 83
1560025137.7717983722687 83 83 83 70 60
1560025137.8051316738129 60 60 60 54 52
1560025137.8384649753571 150 150 150 115 86
1560025137.8717982769012 86 86 86 77 69
1560025137.9051318168640 69 69 69 63 61
1560025137.9384653568268 150 150 150 120 85
1560025137.9717986583710 85 85 85 80 71
1560025138.0051321983337 71 71 71 63 54
1560025138.0384652614594 150 149 149 123 96
1560025138.0717988014221 96 96 96 88 74
1560025138.1051323413849 74 74 74 72 65
1560025138.1717991828918 150 150 150 108 78
1560025138.2051322460175 78 78 78 74 70
1560025138.2718622684479 150 150 150 116 82
1560025138.3051955699921 82 82 82 78 77
1560025138.3385291099548 150 150 150 137 111
1560025138.3718624114990 111 111 111 105 98
1560025138.4051957130432 98 98 98 95 93
1560025138.4718625545502 150 150 150 116 98
1560025138.5051960945129 98 98 98 97 97
1560025138.5718626976013 150 150 150 116 95
1560025138.6051959991455 95 95 95 89 83
1560025138.6718630790710 150 150 150 116 93
1560025138.7051963806152 93 93 93 89 85
1560025138.7718374729156 150 150 150 112 86
1560025138.8051705360413 86 86 86 82 80
1560025138.8718376159668 150 150 150 113 87
1560025138.9051709175110 87 87 87 83 79
1560025138.9718377590179 150 150 150 113 87
1560025139.0051710605621 87 87 87 81 79
1560025139.0385046005249 150 150 150 141 112
1560025139.1051714420319 112 112 112 87 81
1560025139.1385047435760 150 150 150 141 117
1560025139.1718380451202 117 117 117 109 101
1560025139.2051715850830 101 101 101 98 93
1560025139.2717893123627 150 150 150 133 107
1560025139.3051226139069 107 107 107 105 104
1560025139.3717894554138 150 150 150 141 120
1560025139.4051227569580 120 120 120 119 114
1560025139.4717895984650 150 150 150 137 122
1560025139.5384564399719 122 122 122 109 101
1560025139.6051232814789 150 150 150 136 111
1560025139.6717901229858 150 150 150 140 115
1560025139.7051231861115 115 115 115 107 97
1560025139.7384333610535 150 150 150 145 130
1560025139.8051002025604 130 130 130 117 112
1560025139.8717668056488 150 150 150 135 116
1560025139.9051003456116 116 116 116 113 107
1560025139.9717671871185 150 150 150 143 121
1560025140.0051004886627 121 121 121 115 110
1560025140.0717673301697 150 150 150 140 124
1560025140.1384341716766 124 124 124 112 109
1560025140.2051007747650 150 150 150 137 112
1560025140.2716941833496 150 150 150 138 123
1560025140.3050272464752 123 123 123 117 110
1560025140.3716940879822 150 150 150 138 122
1560025140.4050276279449 122 122 122 115 102
1560025140.4716942310333 150 150 150 140 122
1560025140.5050277709961 122 122 122 114 110
1560025140.5716946125031 150 150 150 137 116
1560025140.6050281524658 116 116 116 110 107
1560025140.6383612155914 150 150 150 147 134
1560025140.6716947555542 134 134 134 123 120
1560025140.7050280570984 120 120 120 110 106
1560025140.7717120647430 150 150 150 112 90
1560025140.8050456047058 90 90 90 81 79
1560025140.8717124462128 150 150 150 136 120
1560025140.9050459861755 120 120 120 112 106
1560025140.9383790493011 150 150 150 145 134
1560025141.0050458908081 134 134 134 122 114
1560025141.0717132091522 150 150 150 136 124
1560025141.1050462722778 124 124 124 115 106
1560025141.1717131137848 150 150 150 140 129
1560025141.2050466537476 129 129 129 119 118
1560025141.2383706569672 150 150 150 143 131
1560025141.3050372600555 131 131 131 120 113
1560025141.3717041015625 150 150 150 137 124
1560025141.4050376415253 124 124 124 115 114
1560025141.4717042446136 150 150 150 138 119
1560025141.5050377845764 119 119 119 116 116
1560025141.5717046260834 150 150 150 139 126
1560025141.6050381660461 126 126 126 120 117
1560025141.6717047691345 150 150 150 140 129
1560025141.7050380706787 129 129 129 121 117
1560025141.7716956138611 150 150 150 134 116
1560025141.8050291538239 116 116 116 111 108
1560025141.8716957569122 150 150 150 136 122
1560025141.9383625984192 122 122 122 112 109
1560025141.9716961383820 150 150 150 144 136
1560025142.0383627414703 136 136 136 125 118
1560025142.1050295829773 150 150 150 138 119
1560025142.1383631229401 150 150 150 140 134
1560025142.1716961860657 134 134 134 128 121
1560025142.2050297260284 121 121 121 115 106
1560025142.3049149513245 150 150 150 140 118
1560025142.3382482528687 150 150 150 144 138
1560025142.3715817928314 138 138 138 133 122
1560025142.4049153327942 122 122 122 116 106
1560025142.4715819358826 150 150 150 134 120
1560025142.5382487773895 120 120 120 113 97
1560025142.6049156188965 150 150 150 139 118
1560025142.6715822219849 150 150 150 136 110
1560025142.7049157619476 110 110 110 106 105
1560025142.7383434772491 150 150 150 143 130
1560025142.8050103187561 130 130 130 116 101
1560025142.8716769218445 150 150 150 138 115
1560025142.9050104618073 115 115 115 108 103
1560025142.9716773033142 150 150 150 137 114
1560025143.0050106048584 114 114 114 110 108
1560025143.0716772079468 150 150 150 136 110
1560025143.1050107479095 110 110 110 103 98
1560025143.1383442878723 150 150 150 146 128
1560025143.2050108909607 128 128 128 122 115
1560025143.2383155822754 150 149 149 145 131
1560025143.3049826622009 131 131 131 116 93
1560025143.3716495037079 150 150 150 132 106
1560025143.4049825668335 106 106 106 98 91
1560025143.4716498851776 150 150 150 130 104
1560025143.5049831867218 104 104 104 100 98
1560025143.5716497898102 150 150 150 133 97
1560025143.6049833297729 97 97 97 94 91
1560025143.6716501712799 150 150 150 133 104
1560025143.7049837112427 104 104 104 97 86
1560025143.7715573310852 150 150 150 129 97
1560025143.8048908710480 97 97 97 86 82
1560025143.8715577125549 150 150 150 132 101
1560025143.9048907756805 101 101 100 93 88
1560025143.9715578556061 150 150 149 133 99
1560025144.0048911571503 99 99 99 94 86
1560025144.0715577602386 150 150 150 122 95
1560025144.1048913002014 95 95 95 91 88
1560025144.1715581417084 150 150 150 128 101
1560025144.2048916816711 101 101 101 96 93
1560025144.2382140159607 150 150 150 143 122
1560025144.3048808574677 122 122 122 107 93
1560025144.3382143974304 150 150 150 141 119
1560025144.3715476989746 119 119 119 111 109
1560025144.4048810005188 109 109 109 109 106
1560025144.4715478420258 150 150 150 133 110
1560025144.5048811435699 110 110 110 108 107
1560025144.5382146835327 150 150 150 138 115
1560025144.5715479850769 115 115 115 110 105
1560025144.6048812866211 105 105 105 99 93
1560025144.6715481281281 150 150 150 132 108
1560025144.7048816680908 108 108 108 102 93
1560025144.7715673446655 150 150 150 137 100
1560025144.8049008846283 100 100 100 94 92
1560025144.8715677261353 150 150 150 114 88
1560025144.9049010276794 88 88 88 83 79
1560025144.9715678691864 150 150 150 136 113
1560025145.0049014091492 113 113 113 108 106
1560025145.0715680122375 150 150 150 134 105
1560025145.1049013137817 105 105 105 92 91
1560025145.1715683937073 150 150 150 135 108
1560025145.2049016952515 108 108 108 101 96
1560025145.2714929580688 150 150 150 127 104
1560025145.3048264980316 104 104 104 97 88
1560025145.3381595611572 150 150 150 139 116
1560025145.3714931011200 116 116 116 107 99
1560025145.4048266410828 99 99 99 97 92
1560025145.4714934825897 150 150 150 131 112
1560025145.5048265457153 112 112 112 104 97
1560025145.5381600856781 150 150 150 140 120
1560025145.5714936256409 120 120 120 111 106
1560025145.6048269271851 106 106 106 102 98
1560025145.6714937686920 150 150 150 137 109
1560025145.7048270702362 109 109 109 106 100
1560025145.7714753150940 150 150 150 135 115
1560025145.8048090934753 115 115 115 110 99
1560025145.8714759349823 150 150 150 132 112
1560025145.9048089981079 112 112 112 102 97
1560025145.9714758396149 150 150 150 112 91
1560025146.0048093795776 91 91 91 87 79
1560025146.0381429195404 150 150 150 140 125
1560025146.0714759826660 125 125 125 117 106
1560025146.1048095226288 106 106 106 101 98
1560025146.1714763641357 150 150 150 136 120
1560025146.2048099040985 120 120 120 115 112
1560025146.2715554237366 150 150 150 135 119
1560025146.3048887252808 119 119 119 118 113
1560025146.3382222652435 150 150 150 144 131
1560025146.4048888683319 131 131 131 119 101
1560025146.4382224082947 150 150 150 145 129
1560025146.5048892498016 129 129 129 124 112
1560025146.5715558528900 150 150 150 143 134
1560025146.6048893928528 134 134 134 131 118
1560025146.6715562343597 150 150 150 139 109
1560025146.7048892974854 109 109 109 109 105
1560025146.7714185714722 150 150 150 143 120
1560025146.8047518730164 120 120 120 111 100
1560025146.8714187145233 150 150 150 141 120
1560025146.9047520160675 120 120 120 116 107
1560025146.9714188575745 150 150 150 137 108
1560025147.0047521591187 108 108 108 104 98
1560025147.0380856990814 150 150 150 147 125
1560025147.0714190006256 125 125 125 121 104
1560025147.1047525405884 104 104 104 96 94
1560025147.1380858421326 150 150 150 142 113
1560025147.2047526836395 113 113 113 105 87
1560025147.2381763458252 150 150 150 141 136
1560025147.2715094089508 136 136 136 135 118
1560025147.3048429489136 118 118 118 113 110
1560025147.3715097904205 150 150 150 139 120
1560025147.4048433303833 120 120 120 114 106
1560025147.4715099334717 150 150 150 140 121
1560025147.5048434734344 121 121 121 118 113
1560025147.5715103149414 150 150 150 141 119
1560025147.6048436164856 119 119 119 112 104
1560025147.6715102195740 150 150 150 141 110
1560025147.7048437595367 110 110 110 108 106
1560025147.7714443206787 150 150 150 141 116
1560025147.8047776222229 116 116 116 115 108
1560025147.8714442253113 150 150 150 136 109
1560025147.9047777652740 109 109 109 107 103
1560025147.9714446067810 150 150 150 144 128
1560025148.0047781467438 128 128 128 126 122
1560025148.0714447498322 150 150 150 142 131
1560025148.1047780513763 131 131 131 128 127
1560025148.1714451313019 150 150 150 146 140
1560025148.2381234169006 140 140 140 137 124
1560025148.2714567184448 150 150 150 147 143
1560025148.3047902584076 143 143 143 140 134
1560025148.3714570999146 150 150 150 145 130
1560025148.4047904014587 130 130 130 128 123
1560025148.4714572429657 150 150 150 147 129
1560025148.5047905445099 129 129 129 125 115
1560025148.5381240844727 150 150 150 146 126
1560025148.5714573860168 126 126 126 121 118
1560025148.6047906875610 118 118 118 116 108
1560025148.6714575290680 150 150 150 144 118
1560025148.7047910690308 118 118 118 116 109
1560025148.8047206401825 150 150 150 132 104
1560025148.8380541801453 150 150 150 145 120
1560025148.8713877201080 120 120 120 119 109
1560025148.9047210216522 109 109 109 107 97
1560025148.9713876247406 150 150 150 138 102
1560025149.0047211647034 102 102 102 98 90
1560025149.0713880062103 150 150 150 145 121
1560025149.1047215461731 121 121 121 117 114
1560025149.1713881492615 150 150 150 147 139
1560025149.2047216892242 139 139 139 138 134
1560025149.2713193893433 150 150 150 146 126
1560025149.3046529293060 126 126 126 125 118
1560025149.3713195323944 150 150 150 147 140
1560025149.4046530723572 140 140 140 139 137
1560025149.4713199138641 150 150 150 147 140
1560025149.5046529769897 140 140 140 140 133
1560025149.5713200569153 150 150 150 149 136
1560025149.6046533584595 136 136 136 135 127
1560025149.6713199615479 150 150 150 148 132
1560025149.7046535015106 132 132 132 131 124
1560025149.7713694572449 150 150 150 143 115
1560025149.8047029972076 115 115 115 113 105
1560025149.8380360603333 150 150 150 147 119
1560025149.9047029018402 119 119 119 112 84
1560025149.9380364418030 150 150 150 147 123
1560025149.9713699817657 123 123 123 121 114
1560025150.0047030448914 114 114 114 114 103
1560025150.0713698863983 150 150 150 144 121
1560025150.1047034263611 121 121 121 119 113
1560025150.1713702678680 150 150 150 143 111
1560025150.2047038078308 111 111 111 108 95
1560025150.2712993621826 150 150 150 143 107
1560025150.3046329021454 107 107 107 102 92
1560025150.3712995052338 150 150 150 143 110
1560025150.4046328067780 110 110 110 110 101
1560025150.4712998867035 150 150 150 147 132
1560025150.5046329498291 132 132 132 132 129
1560025150.5379664897919 150 150 150 149 139
1560025150.6046333312988 139 139 139 137 128
1560025150.6379666328430 150 150 150 148 141
1560025150.7046334743500 141 141 141 139 125
1560025150.7379746437073 150 150 150 147 139
1560025150.7713081836700 139 139 139 139 133
1560025150.8046412467957 133 133 133 130 118
1560025150.8713083267212 150 150 150 146 126
1560025150.9046416282654 126 126 126 126 116
1560025150.9379751682281 150 150 150 148 135
1560025150.9713082313538 135 135 135 129 116
1560025151.0046417713165 116 116 116 110 108
1560025151.0713086128235 150 150 150 138 119
1560025151.1046421527863 119 119 119 113 110
1560025151.1713087558746 150 150 150 137 109
1560025151.2046420574188 109 109 109 108 103
1560025151.2712533473969 150 150 150 136 100
1560025151.3045868873596 100 100 100 99 98
1560025151.3712537288666 150 150 150 134 107
1560025151.4045872688293 107 107 107 104 101
1560025151.4712538719177 150 150 150 134 114
1560025151.5045874118805 114 114 114 108 100
1560025151.5712542533875 150 150 150 142 113
1560025151.6045873165131 113 113 113 106 100
1560025151.6712541580200 150 150 150 141 121
1560025151.7045879364014 121 121 121 117 113
1560025151.8046367168427 150 150 150 131 98
1560025151.8379702568054 150 150 150 142 127
1560025151.9046368598938 127 127 127 117 102
1560025151.9379703998566 150 150 150 141 127
1560025152.0046372413635 127 127 127 118 90
1560025152.0713038444519 150 150 150 139 105
1560025152.1046373844147 105 105 105 99 92
1560025152.1713042259216 150 150 150 139 102
1560025152.2046375274658 102 102 102 99 90
1560025152.2712123394012 150 150 150 137 109
1560025152.3045458793640 109 109 109 105 96
1560025152.3712127208710 150 150 150 134 90
1560025152.4045457839966 90 90 90 88 76
1560025152.4712128639221 150 150 150 137 100
1560025152.5045461654663 100 100 100 98 90
1560025152.5712130069733 150 150 150 135 103
1560025152.6045463085175 103 103 103 100 98
1560025152.6712131500244 150 150 150 136 98
1560025152.7045466899872 98 98 98 88 80
1560025152.7712092399597 150 150 150 136 102
1560025152.8045427799225 102 102 102 98 94
1560025152.8712093830109 150 150 150 133 102
1560025152.9045426845551 102 102 102 99 95
1560025152.9712097644806 150 150 150 138 100
1560025153.0045430660248 100 100 100 96 91
1560025153.0712096691132 150 150 150 136 103
1560025153.1045432090759 103 103 103 98 96
1560025153.1712100505829 150 150 150 134 103
1560025153.2045433521271 103 103 103 99 94
1560025153.2712171077728 150 150 150 133 100
1560025153.3045504093170 100 100 100 96 92
1560025153.3712170124054 150 150 150 136 103
1560025153.4045505523682 103 103 103 99 91
1560025153.4378838539124 150 150 150 140 122
1560025153.4712176322937 122 122 122 115 106
1560025153.5045509338379 106 106 106 103 101
1560025153.5712177753448 150 150 150 136 104
1560025153.6045510768890 104 104 104 99 97
1560025153.6712179183960 150 150 150 136 119
1560025153.7045512199402 119 119 119 105 96
1560025153.7711718082428 150 150 150 118 95
1560025153.8045051097870 95 95 95 92 90
1560025153.8378386497498 150 149 149 141 126
1560025153.9045052528381 126 126 126 118 98
1560025153.9378387928009 150 150 150 143 126
1560025154.0045056343079 126 126 126 119 111
1560025154.0378391742706 150 150 150 142 119
1560025154.0711724758148 119 119 119 113 110
1560025154.1045057773590 110 110 110 107 107
1560025154.1711726188660 150 150 150 133 111
1560025154.2378394603729 111 111 111 103 94
1560025154.2711372375488 150 150 150 137 115
1560025154.3378043174744 115 115 115 107 94
1560025154.3711373806000 150 150 150 140 123
1560025154.4044709205627 123 123 123 118 115
1560025154.4711377620697 150 150 150 134 109
1560025154.5044713020325 109 109 109 100 91
1560025154.5711379051208 150 150 150 136 111
1560025154.6044712066650 111 111 111 99 94
1560025154.6378047466278 150 150 150 143 125
1560025154.7044713497162 125 125 125 108 94
1560025154.7711634635925 150 149 149 133 106
1560025154.8044967651367 106 106 106 99 98
1560025154.8378303050995 150 150 150 142 116
1560025154.9044971466064 116 116 116 105 95
1560025154.9711637496948 150 150 150 134 106
1560025155.0044972896576 106 106 106 100 94
1560025155.0378305912018 150 150 150 119 93
1560025155.0711641311646 93 93 93 85 79
1560025155.1044976711273 79 79 79 77 75
1560025155.1711642742157 150 150 149 137 119
1560025155.2044975757599 119 119 119 113 109
1560025155.2711372375488 150 150 150 140 107
1560025155.3044707775116 107 107 107 107 102
1560025155.3711373806000 150 150 150 135 114
1560025155.4044706821442 114 114 114 106 98
1560025155.4711377620697 150 150 150 135 112
1560025155.5044710636139 112 112 112 107 104
1560025155.5711376667023 150 150 150 136 114
1560025155.6044712066650 114 114 114 106 104
1560025155.6711380481720 150 150 150 115 94
1560025155.7044713497162 94 94 94 89 87
1560025155.7710947990417 150 150 150 136 104
1560025155.8044283390045 104 104 104 96 88
1560025155.8710949420929 150 150 150 112 84
1560025155.9044284820557 84 84 84 78 78
1560025155.9710953235626 150 150 150 140 110
1560025156.0044286251068 110 110 110 100 95
1560025156.0710954666138 150 150 150 125 94
1560025156.1044287681580 94 94 94 89 85
1560025156.1710953712463 150 150 150 133 104
1560025156.2044289112091 104 104 104 94 92
1560025156.2377624511719 150 150 150 142 113
1560025156.2711040973663 113 113 113 108 103
1560025156.3044371604919 103 103 103 95 89
1560025156.3711040019989 150 150 150 128 99
1560025156.4044375419617 99 99 99 91 90
1560025156.4711041450500 150 150 150 113 91
1560025156.5044376850128 91 91 91 86 86
1560025156.5711045265198 150 150 150 127 93
1560025156.6044380664825 93 93 93 86 83
1560025156.6711046695709 150 150 150 130 103
1560025156.7044379711151 103 103 103 89 78
1560025156.7710292339325 150 150 150 136 110
1560025156.8043625354767 110 110 110 101 98
1560025156.8710293769836 150 150 150 118 99
1560025156.9043626785278 99 99 99 88 87
1560025156.9710295200348 150 150 150 129 107
1560025157.0043630599976 107 107 107 100 96
1560025157.0710299015045 150 150 150 118 106
1560025157.1043632030487 106 106 106 94 94
1560025157.1710300445557 150 150 150 119 97
1560025157.2043633460999 97 97 97 93 92
1560025157.2709927558899 150 150 150 118 97
1560025157.3043260574341 97 97 97 92 92
1560025157.3376593589783 150 150 150 118 97
1560025157.3709928989410 97 97 97 88 85
1560025157.4043262004852 85 85 85 77 70
1560025157.4709932804108 150 150 150 125 107
1560025157.5043263435364 107 107 107 101 95
1560025157.5709931850433 150 150 150 129 109
1560025157.6043267250061 109 109 109 105 101
1560025157.6709933280945 150 150 150 131 113
1560025157.7043268680573 113 113 113 97 93
1560025157.7710583209991 150 150 150 117 98
1560025157.8043918609619 98 98 98 87 84
1560025157.8377251625061 150 150 150 144 130
1560025157.9043917655945 130 130 130 115 98
1560025157.9377253055573 150 150 150 136 130
1560025158.0043921470642 130 130 130 115 99
1560025158.0710587501526 150 149 149 100 89
1560025158.1043922901154 89 89 89 82 74
1560025158.1710591316223 150 150 150 127 103
1560025158.2043929100037 103 103 103 98 95
1560025158.2377257347107 150 150 150 136 119
1560025158.3043291568756 119 119 119 98 91
1560025158.3709962368011 150 150 150 118 105
1560025158.4043295383453 105 105 105 97 92
1560025158.4709963798523 150 150 150 127 112
1560025158.5043299198151 112 112 112 103 101
1560025158.5709965229034 150 150 150 116 101
1560025158.6043300628662 101 101 101 93 89
1560025158.6709969043732 150 150 150 133 114
1560025158.7376635074615 114 114 114 95 84
1560025158.7709507942200 150 150 150 144 126
1560025158.8376173973083 126 126 126 108 96
1560025158.9042844772339 150 150 150 126 103
1560025158.9709510803223 150 150 150 121 99
1560025159.0042843818665 99 99 99 94 88
1560025159.0709514617920 150 150 150 129 106
1560025159.1042847633362 106 106 106 101 96
1560025159.1709513664246 150 150 150 129 110
1560025159.2042849063873 110 110 110 105 102
1560025159.2376184463501 150 150 150 140 117
1560025159.2709059715271 117 117 117 112 108
1560025159.3042395114899 108 108 108 102 100
1560025159.3709063529968 150 150 150 111 94
1560025159.4042398929596 94 94 94 90 85
1560025159.4709067344666 150 150 150 137 122
1560025159.5375735759735 122 122 122 114 107
1560025159.5709068775177 150 150 150 145 129
1560025159.6042401790619 129 129 129 124 122
1560025159.6709070205688 150 150 150 138 113
1560025159.7042405605316 113 113 113 110 110
1560025159.7709102630615 150 150 150 135 111
1560025159.8375768661499 111 111 111 98 93
1560025159.9042439460754 150 150 150 131 110
1560025159.9709105491638 150 150 150 132 108
1560025160.0375773906708 108 108 108 97 86
1560025160.0709106922150 150 150 150 138 120
1560025160.1375775337219 120 120 120 107 97
1560025160.1709108352661 150 150 150 140 127
1560025160.2042443752289 127 127 127 120 113
1560025160.2709016799927 150 150 150 126 108
1560025160.3042349815369 108 108 108 103 103
1560025160.3709015846252 150 150 150 136 104
1560025160.4042351245880 104 104 104 97 94
1560025160.4709019660950 150 150 150 134 108
1560025160.5042352676392 108 108 108 104 91
1560025160.5375685691833 150 150 150 143 120
1560025160.5709021091461 120 120 120 117 115
1560025160.6042356491089 115 115 115 106 103
1560025160.6709022521973 150 150 150 131 104
1560025160.7042355537415 104 104 104 97 96
1560025160.7709257602692 150 150 150 133 103
1560025160.8042590618134 103 103 103 101 99
1560025160.8709261417389 150 150 150 127 112
1560025160.9042592048645 112 112 112 109 108
1560025160.9709260463715 150 150 150 132 117
1560025161.0042595863342 117 117 117 105 105
1560025161.0709261894226 150 150 150 135 114
1560025161.1042597293854 114 114 114 107 105
1560025161.1709265708923 150 150 150 130 109
1560025161.2042598724365 109 109 109 103 101
1560025161.2708673477173 150 150 150 139 113
1560025161.3042008876801 113 113 113 110 109
1560025161.3708677291870 150 149 149 133 119
1560025161.4042010307312 119 119 119 111 110
1560025161.4375343322754 150 150 150 140 124
1560025161.5042011737823 124 124 124 109 103
1560025161.5375347137451 150 150 150 139 130
1560025161.5708680152893 130 130 130 124 119
1560025161.6042013168335 119 119 119 113 108
1560025161.7042016983032 150 149 149 131 106
1560025161.7375349998474 150 149 149 124 114
1560025161.8042314052582 114 114 114 104 94
1560025161.8375647068024 150 150 150 139 128
1560025161.8708982467651 128 128 128 123 120
1560025161.9042317867279 120 120 120 114 114
1560025162.0042316913605 150 149 149 137 126
1560025162.0375652313232 150 150 150 144 132
1560025162.1042318344116 132 132 132 126 121
1560025162.1708986759186 150 150 150 142 129
1560025162.2042322158813 129 129 129 125 123
1560025162.2709596157074 150 150 150 141 124
1560025162.3042931556702 124 124 124 123 122
1560025162.3376266956329 150 150 150 147 139
1560025162.4042935371399 139 139 139 135 125
1560025162.4376266002655 150 150 150 143 134
1560025162.4709601402283 134 134 134 129 128
1560025162.5042934417725 128 128 128 124 121
1560025162.5709605216980 150 150 150 144 133
1560025162.6042935848236 133 133 133 130 130
1560025162.6709604263306 150 150 150 143 134
1560025162.7042939662933 134 134 134 131 125
1560025162.7708356380463 150 150 150 142 132
1560025162.8041689395905 132 132 132 128 126
1560025162.8375024795532 150 150 150 145 136
1560025162.8708360195160 136 136 136 133 130
1560025162.9375026226044 130 130 130 121 119
1560025163.0041694641113 150 150 150 141 128
1560025163.0708360671997 150 150 150 140 135
1560025163.1041696071625 135 135 135 133 131
1560025163.1708364486694 150 150 150 140 133
1560025163.2041697502136 133 133 133 125 123
1560025163.2708022594452 150 150 150 144 133
1560025163.3041355609894 133 133 133 128 123
1560025163.3708024024963 150 150 150 148 138
1560025163.4041357040405 138 138 138 132 128
1560025163.4374692440033 150 150 150 145 135
1560025163.5041360855103 135 135 135 130 127
1560025163.5374693870544 150 150 150 132 125
1560025163.6041362285614 125 125 125 122 120
1560025163.6374695301056 150 150 150 144 132
1560025163.7041363716125 132 132 132 125 121
1560025163.7707650661469 150 150 150 145 137
1560025163.8040986061096 137 137 137 132 124
1560025163.8707654476166 150 150 150 144 130
1560025163.9040987491608 130 130 130 129 123
1560025163.9707655906677 150 150 150 146 138
1560025164.0040988922119 138 138 138 133 130
1560025164.0707657337189 150 150 150 146 135
1560025164.1040990352631 135 135 135 130 127
1560025164.2040994167328 150 150 150 147 133
1560025164.2374327182770 150 150 150 146 144
1560025164.3041062355042 144 144 144 137 129
1560025164.3374397754669 150 150 150 150 143
1560025164.4041063785553 143 143 143 134 126
1560025164.4374399185181 150 150 150 148 144
1560025164.5041067600250 144 144 144 141 138
1560025164.5707733631134 150 150 150 145 138
1560025164.6041069030762 138 138 138 137 134
1560025164.6707737445831 150 150 150 147 143
1560025164.7041070461273 143 143 143 141 141
1560025164.7374403476715 150 150 150 150 145
1560025164.7706947326660 145 145 145 145 144
1560025164.8373615741730 144 144 144 142 137
1560025164.8706948757172 150 150 150 148 144
1560025164.9373617172241 144 144 144 143 140
1560025165.0040285587311 150 150 150 149 145
1560025165.0706954002380 150 150 150 150 145
1560025165.1040287017822 145 145 145 143 142
1560025165.1706957817078 150 150 150 149 148
1560025165.2040288448334 148 148 148 145 144
1560025165.2706663608551 150 150 150 149 146
1560025165.3039996623993 146 146 146 146 145
1560025165.3706665039062 150 150 150 149 144
1560025165.4039998054504 144 144 144 141 134
1560025165.4706666469574 150 150 150 149 144
1560025165.5039999485016 144 144 144 143 143
1560025165.5706667900085 150 150 150 146 134
1560025165.6040003299713 134 134 134 133 132
1560025165.6373336315155 150 150 150 148 140
1560025165.7040004730225 140 140 140 137 131
1560025165.7706494331360 150 150 150 136 125
1560025165.8039829730988 125 125 125 122 120
1560025165.9039831161499 150 150 150 144 128
1560025165.9373164176941 150 150 150 145 134
1560025165.9706499576569 134 134 134 125 123
1560025166.0373165607452 123 123 123 115 109
1560025166.1039834022522 150 150 150 142 118
1560025166.1706502437592 150 150 150 143 126
1560025166.2039835453033 126 126 126 124 119
1560025166.2706978321075 150 150 150 141 123
1560025166.3373644351959 123 123 123 115 110
1560025166.3706979751587 150 150 150 145 132
1560025166.4040312767029 132 132 132 131 119
1560025166.4706978797913 150 150 150 142 129
1560025166.5040314197540 129 129 129 121 117
1560025166.5706982612610 150 150 150 143 116
1560025166.6040318012238 116 116 116 110 109
1560025166.6706984043121 150 150 150 144 129
1560025166.7040319442749 129 129 129 124 120
1560025166.7706665992737 150 150 150 144 128
1560025166.8039996623993 128 128 128 123 121
1560025166.8373332023621 150 150 150 146 135
1560025166.9040000438690 135 135 135 128 121
1560025166.9706666469574 150 150 150 131 118
1560025167.0040001869202 118 118 118 111 105
1560025167.0706670284271 150 150 150 139 124
1560025167.1040003299713 124 124 124 115 113
1560025167.1706671714783 150 150 150 143 130
1560025167.2040004730225 130 130 130 121 119
1560025167.2705965042114 150 150 150 137 122
1560025167.3039300441742 122 122 122 116 116
1560025167.3705966472626 150 150 150 137 127
1560025167.4039299488068 127 127 127 119 116
1560025167.4705970287323 150 150 150 143 134
1560025167.5039300918579 134 134 134 129 124
1560025167.5705969333649 150 150 150 145 135
1560025167.6039304733276 135 135 135 130 125
1560025167.6705970764160 150 150 150 139 125
1560025167.7372639179230 125 125 125 118 115
1560025167.7706704139709 150 150 150 146 140
1560025167.8373372554779 140 140 140 132 127
1560025167.9040040969849 150 150 150 146 138
1560025167.9706709384918 150 150 150 144 135
1560025168.0040042400360 135 135 135 129 127
1560025168.0706710815430 150 150 150 144 137
1560025168.1040043830872 137 137 137 133 129
1560025168.1706712245941 150 150 150 141 138
1560025168.2040045261383 138 138 138 132 130
1560025168.2705512046814 150 150 150 141 129
1560025168.3038845062256 129 129 129 122 122
1560025168.3705513477325 150 150 150 145 138
1560025168.4372181892395 138 138 138 128 124
1560025168.5038850307465 150 150 150 146 138
1560025168.5705518722534 150 150 150 143 137
1560025168.6038851737976 137 137 137 130 128
1560025168.6705520153046 150 150 150 142 133
1560025168.7038853168488 133 133 133 130 125
1560025168.7705099582672 150 150 150 140 130
1560025168.8038434982300 130 130 130 126 124
1560025168.8705103397369 150 150 150 140 134
1560025168.9038436412811 134 134 134 129 121
1560025168.9705104827881 150 150 150 133 128
1560025169.0038440227509 128 128 128 124 121
1560025169.0705106258392 150 150 150 143 133
1560025169.1038439273834 133 133 133 127 124
1560025169.1705110073090 150 150 150 140 127
1560025169.2038443088531 127 127 127 124 124
1560025169.3038747310638 150 150 150 136 128
1560025169.3372082710266 150 150 150 142 131
1560025169.3705415725708 131 131 131 122 119
1560025169.4372084140778 119 119 119 112 99
1560025169.4705417156219 150 150 150 142 127
1560025169.5038752555847 127 127 127 123 122
1560025169.5705420970917 150 150 150 144 135
1560025169.6372087001801 135 135 135 126 116
1560025169.7038755416870 150 150 150 137 125
1560025169.7705497741699 150 150 150 146 135
1560025169.8038833141327 135 135 135 128 120
1560025169.8705501556396 150 150 150 138 126
1560025169.9038834571838 126 126 126 119 115
1560025169.9705502986908 150 150 150 141 115
1560025170.0038838386536 115 115 115 109 107
1560025170.0705504417419 150 150 150 139 122
1560025170.1038837432861 122 122 122 115 108
1560025170.1705508232117 150 150 150 136 113
1560025170.2038841247559 113 113 113 106 96
1560025170.2704572677612 150 150 150 136 115
1560025170.3037908077240 115 115 115 110 106
1560025170.3704574108124 150 150 150 145 126
1560025170.4371242523193 126 126 126 120 112
1560025170.5037910938263 150 150 150 146 124
1560025170.5704579353333 150 150 150 140 127
1560025170.6371247768402 127 127 127 126 117
1560025170.6704580783844 150 150 150 145 133
1560025170.7371249198914 133 133 133 129 123
1560025170.8037681579590 150 150 150 147 137
1560025170.8704347610474 150 150 150 138 118
1560025170.9037683010101 118 118 118 116 113
1560025170.9704351425171 150 150 150 146 127
1560025171.0037684440613 127 127 127 123 117
1560025171.0704352855682 150 150 150 142 122
1560025171.1037685871124 122 122 122 116 110
1560025171.1704354286194 150 150 150 139 119
1560025171.2037687301636 119 119 119 112 110
1560025171.2704594135284 150 150 150 140 116
1560025171.3037929534912 116 116 116 115 113
1560025171.3704597949982 150 150 150 138 123
1560025171.4037930965424 123 123 123 114 104
1560025171.4704599380493 150 150 150 137 114
1560025171.5037934780121 114 114 114 109 108
1560025171.5704603195190 150 150 150 134 118
1560025171.6037933826447 118 118 118 111 102
1560025171.6704602241516 150 150 150 140 122
1560025171.7037937641144 122 122 122 116 111
1560025171.7704765796661 150 150 150 137 126
1560025171.8038098812103 126 126 126 122 118
1560025171.8704767227173 150 150 150 145 130
1560025171.9038100242615 130 130 130 124 120
1560025171.9704768657684 150 150 150 123 111
1560025172.0038104057312 111 111 111 106 102
1560025172.0704770088196 150 150 150 144 139
1560025172.1038105487823 139 139 139 137 134
1560025172.1704773902893 150 150 150 145 137
1560025172.2038106918335 137 137 137 135 133
1560025172.2704291343689 150 150 150 141 128
1560025172.3037626743317 128 128 128 124 118
1560025172.3704295158386 150 150 150 146 135
1560025172.4037630558014 135 135 135 131 126
1560025172.4704296588898 150 150 150 143 131
1560025172.5037629604340 131 131 131 129 126
1560025172.5704300403595 150 150 150 145 141
1560025172.6037631034851 141 141 141 138 136
1560025172.6370966434479 150 150 150 148 146
1560025172.7037634849548 146 146 146 144 143
1560025172.7704167366028 150 150 150 146 141
1560025172.8037502765656 141 141 141 141 137
1560025172.8704168796539 150 150 150 150 145
1560025172.9037504196167 145 145 145 143 143
1560025172.9704172611237 150 150 150 147 141
1560025173.0037505626678 141 141 141 140 139
1560025173.0704174041748 150 150 150 149 146
1560025173.1037507057190 146 146 146 146 144
1560025173.1704175472260 150 150 150 147 138
1560025173.2037510871887 138 138 138 137 134
1560025173.2703716754913 150 150 150 149 140
1560025173.3037049770355 140 140 140 138 135
1560025173.3370382785797 150 150 150 141 135
1560025173.4037051200867 135 135 135 135 132
1560025173.4703719615936 150 150 150 144 133
1560025173.5037052631378 133 133 133 133 131
1560025173.5703721046448 150 150 150 136 131
1560025173.6037056446075 131 131 131 130 126
1560025173.6370389461517 150 150 150 150 144
1560025173.7037057876587 144 144 144 140 134
1560025173.7703726291656 150 150 150 142 130
1560025173.8036367893219 130 130 130 128 127
1560025173.8703033924103 150 150 150 146 130
1560025173.9036369323730 130 130 130 128 127
1560025173.9703037738800 150 150 150 134 126
1560025174.0036373138428 126 126 126 122 120
1560025174.0703039169312 150 150 150 148 143
1560025174.1036372184753 143 143 143 142 142
1560025174.1703042984009 150 150 150 144 137
1560025174.2036373615265 137 137 137 135 133
1560025174.2369709014893 150 150 150 146 142
1560025174.3036425113678 142 142 142 141 138
1560025174.3369758129120 150 150 150 148 136
1560025174.4036428928375 136 136 136 133 128
1560025174.4369759559631 150 150 150 146 142
1560025174.5036427974701 142 142 142 141 139
1560025174.5703098773956 150 150 150 148 144
1560025174.6036431789398 144 144 144 142 141
1560025174.6703097820282 150 150 150 149 149
1560025174.7036433219910 149 149 149 149 146
1560025174.7703101634979 150 150 150 149 148
1560025174.8036196231842 148 148 148 146 143
1560025174.8702867031097 150 150 150 147 140
1560025174.9036197662354 140 140 140 139 139
1560025174.9702866077423 150 150 150 146 144
1560025175.0036201477051 144 144 144 143 136
1560025175.0702867507935 150 150 150 147 139
1560025175.1036202907562 139 139 139 138 136
1560025175.1369535923004 150 150 150 147 140
1560025175.1702871322632 140 140 140 139 128
1560025175.2036206722260 128 128 128 128 126
1560025175.2702872753143 150 150 150 146 138
1560025175.3035681247711 138 138 138 134 134
1560025175.3702349662781 150 150 150 148 134
1560025175.4035680294037 134 134 134 134 127
1560025175.4702351093292 150 150 150 149 133
1560025175.5035684108734 133 133 133 128 124
1560025175.5369019508362 150 150 150 144 132
1560025175.6035685539246 132 132 132 127 119
1560025175.6702353954315 150 150 150 138 119
1560025175.7035689353943 119 119 119 113 107
1560025175.7369019985199 150 150 150 142 131
1560025175.8035950660706 131 131 131 130 127
1560025175.8702616691589 150 150 150 143 131
1560025175.9035952091217 131 131 131 127 121
1560025175.9702620506287 150 150 150 140 116
1560025176.0035953521729 116 116 116 110 102
1560025176.0702621936798 150 150 150 135 117
1560025176.1035954952240 117 117 117 108 105
1560025176.1702623367310 150 150 150 135 111
1560025176.2035956382751 111 111 111 107 101
1560025176.2702624797821 150 150 150 131 111
1560025176.3035910129547 111 111 111 109 108
1560025176.3702580928802 150 150 150 134 115
1560025176.4035913944244 115 115 115 108 107
1560025176.4702579975128 150 150 150 136 126
1560025176.5035917758942 126 126 126 123 117
1560025176.6035921573639 150 150 150 127 108
1560025176.6702587604523 150 150 150 137 120
1560025176.7035920619965 120 120 120 112 111
1560025176.7702591419220 150 150 150 126 108
1560025176.8035202026367 108 108 108 104 103
1560025176.8701872825623 150 150 150 134 113
1560025176.9368538856506 113 113 113 104 100
1560025176.9701871871948 150 150 150 123 115
1560025177.0035207271576 115 115 115 108 102
1560025177.0701875686646 150 150 150 119 111
1560025177.1368541717529 111 111 111 100 91
1560025177.1701877117157 150 150 150 125 117
1560025177.2035212516785 117 117 117 109 97
1560025177.2701880931854 150 150 150 110 95
1560025177.3035025596619 95 95 95 89 83
1560025177.4035027027130 150 150 150 106 84
1560025177.4368362426758 150 150 150 126 107
1560025177.4701695442200 107 107 107 100 95
1560025177.5035028457642 95 95 95 88 86
1560025177.5701696872711 150 150 150 89 82
1560025177.6035032272339 82 82 82 71 68
1560025177.6701698303223 150 150 150 122 106
1560025177.7035031318665 106 106 106 99 95
1560025177.7701699733734 150 150 150 117 103
1560025177.8368380069733 103 103 103 95 90
1560025177.8701713085175 150 150 150 122 109
1560025177.9035046100616 109 109 109 104 102
1560025177.9701714515686 150 150 150 117 105
1560025178.0035049915314 105 105 105 98 94
1560025178.0701715946198 150 150 150 115 101
1560025178.1035051345825 101 101 101 93 91
1560025178.1701719760895 150 150 150 120 108
1560025178.2035052776337 108 108 108 104 102
1560025178.2368385791779 150 150 150 125 117
1560025178.2701721191406 117 117 117 110 105
1560025178.3034737110138 105 105 105 101 99
1560025178.3701405525208 150 150 150 123 108
1560025178.4368073940277 108 108 108 100 89
1560025178.4701406955719 150 150 150 121 113
1560025178.5034742355347 113 113 113 110 103
1560025178.5701408386230 150 150 150 119 111
1560025178.6034743785858 111 111 111 107 104
1560025178.6701412200928 150 150 150 110 96
1560025178.7034745216370 96 96 96 92 89
1560025178.7368078231812 150 150 150 114 97
1560025178.7701413631439 97 97 97 88 84
1560025178.8035318851471 84 84 84 78 73
1560025178.8701989650726 150 150 150 111 95
1560025178.9035322666168 95 95 95 90 86
1560025178.9701988697052 150 150 150 111 92
1560025179.0035324096680 92 92 92 86 83
1560025179.0368659496307 150 150 150 118 105
1560025179.1035327911377 105 105 105 99 86
1560025179.1368658542633 150 150 150 118 105
1560025179.1701993942261 105 105 105 97 87
1560025179.2035329341888 87 87 87 80 77
1560025179.2701997756958 150 150 150 110 86
1560025179.3035044670105 86 86 86 82 79
1560025179.3368380069733 150 150 150 125 109
1560025179.4035046100616 109 109 109 100 85
1560025179.4368381500244 150 150 150 121 108
1560025179.5035049915314 108 108 108 100 87
1560025179.5701715946198 150 150 150 119 103
1560025179.6035051345825 103 103 103 95 92
1560025179.6368384361267 150 150 150 124 100
1560025179.7035052776337 100 100 100 92 81
1560025179.7368385791779 150 150 150 133 123
1560025179.8034579753876 123 123 123 116 104
1560025179.8701250553131 150 150 150 131 108
1560025179.9034583568573 108 108 108 104 100
1560025179.9701249599457 150 150 150 136 113
1560025180.0034584999084 113 113 113 108 103
1560025180.0701253414154 150 150 150 131 103
1560025180.1034586429596 103 103 103 100 98
1560025180.1701254844666 150 150 150 130 110
1560025180.2367923259735 110 110 110 102 95
1560025180.3034508228302 150 150 150 129 114
1560025180.3701176643372 150 150 150 135 120
1560025180.4034509658813 120 120 120 116 114
1560025180.4701178073883 150 150 150 117 99
1560025180.5034511089325 99 99 99 93 93
1560025180.5701179504395 150 150 150 136 117
1560025180.6034514904022 117 117 117 113 112
1560025180.6701180934906 150 150 150 134 112
1560025180.7034516334534 112 112 112 109 108
1560025180.7701184749603 150 150 150 134 120
1560025180.8033928871155 120 120 120 114 113
1560025180.8700594902039 150 150 150 134 121
1560025180.9033930301666 121 121 121 117 116
1560025180.9367265701294 150 150 150 143 131
1560025181.0033934116364 131 131 131 118 108
1560025181.0700600147247 150 150 150 133 119
1560025181.1033935546875 119 119 119 115 108
1560025181.1700603961945 150 150 150 140 118
1560025181.2033934593201 118 118 118 115 115
1560025181.2700605392456 150 150 150 139 121
1560025181.3033666610718 121 121 121 115 112
1560025181.4033670425415 150 150 150 136 126
1560025181.4700336456299 150 150 150 127 118
1560025181.5033669471741 118 118 118 108 106
1560025181.5367004871368 150 150 150 144 136
1560025181.5700337886810 136 136 136 130 118
1560025181.6033670902252 118 118 118 113 108
1560025181.6700339317322 150 150 150 139 122
1560025181.7033674716949 122 122 122 116 113
1560025181.7700340747833 150 150 150 135 119
1560025181.8034405708313 119 119 119 113 111
1560025181.8701074123383 150 150 150 137 126
1560025181.9034407138824 126 126 126 113 109
1560025181.9701073169708 150 150 150 140 126
1560025182.0367743968964 126 126 126 117 112
1560025182.0701076984406 150 150 150 128 119
1560025182.1367743015289 119 119 119 110 107
1560025182.2034413814545 150 150 150 138 129
1560025182.2701082229614 150 150 150 138 133
1560025182.3033554553986 133 133 133 128 127
1560025182.3366889953613 150 150 150 144 137
1560025182.3700222969055 137 137 137 132 131
1560025182.4033555984497 131 131 131 128 128
1560025182.4700224399567 150 150 150 141 137
1560025182.5033559799194 137 137 137 131 130
1560025182.5700228214264 150 150 150 141 129
1560025182.6033558845520 129 129 129 122 119
1560025182.6700229644775 150 150 150 141 137
1560025182.7366898059845 137 137 137 127 125
1560025182.8033287525177 150 150 150 143 129
1560025182.8699955940247 150 150 150 144 134
1560025182.9033291339874 134 134 134 129 122
1560025182.9699957370758 150 150 150 144 131
1560025183.0033292770386 131 131 131 128 124
1560025183.0366625785828 150 150 150 149 138
1560025183.1033294200897 138 138 138 135 134
1560025183.1366629600525 150 150 150 144 144
1560025183.1699962615967 144 144 144 141 138
1560025183.2033295631409 138 138 138 134 134
1560025183.2699964046478 150 150 150 140 129
1560025183.3033034801483 129 129 129 123 118
1560025183.3699703216553 150 150 150 141 138
1560025183.4033036231995 138 138 138 132 131
1560025183.5033040046692 150 150 150 140 135
1560025183.5366373062134 150 150 150 144 136
1560025183.5699706077576 136 136 136 132 130
1560025183.6366374492645 130 130 130 122 120
1560025183.7033042907715 150 150 150 146 141
1560025183.7699708938599 150 150 150 143 139
1560025183.8032796382904 139 139 139 134 130
1560025183.8699464797974 150 150 150 146 135
1560025183.9032797813416 135 135 135 129 128
1560025183.9699466228485 150 150 150 143 131
1560025184.0032799243927 131 131 131 129 120
1560025184.0699467658997 150 150 150 146 143
1560025184.1366136074066 143 143 143 141 136
1560025184.2032802104950 150 150 150 148 137
1560025184.2699475288391 150 150 150 143 139
1560025184.3032860755920 139 139 139 135 134
1560025184.3699529170990 150 150 150 139 133
1560025184.4032862186432 133 133 133 128 127
1560025184.4699530601501 150 150 150 144 142
1560025184.5032863616943 142 142 142 136 134
1560025184.5699532032013 150 150 150 142 129
1560025184.6032865047455 129 129 129 123 119
1560025184.6699533462524 150 150 150 141 134
1560025184.7032868862152 134 134 134 128 122
1560025184.7699537277222 150 150 150 144 128
1560025184.8365383148193 128 128 128 121 118
1560025184.9032051563263 150 150 150 145 131
1560025184.9698717594147 150 150 150 143 132
1560025185.0032052993774 132 132 132 125 120
1560025185.0698721408844 150 150 150 142 132
1560025185.1032056808472 132 132 132 125 125
1560025185.1698722839355 150 150 150 142 134
1560025185.2032058238983 134 134 134 130 126
1560025185.3031725883484 150 150 150 140 127
1560025185.3365061283112 150 150 150 145 137
1560025185.4031729698181 137 137 137 128 116
1560025185.4365062713623 150 150 150 141 137
1560025185.4698395729065 137 137 137 135 132
1560025185.5031731128693 132 132 132 127 123
1560025185.5698399543762 150 150 150 143 132
1560025185.6031732559204 132 132 132 126 120
1560025185.6698400974274 150 150 150 139 123
1560025185.7031736373901 123 123 123 121 115
1560025185.7698402404785 150 150 150 137 125
1560025185.8032841682434 125 125 125 121 120
1560025185.8699510097504 150 150 150 143 131
1560025185.9032840728760 131 131 131 125 123
1560025185.9699511528015 150 150 150 142 129
1560025186.0032844543457 129 129 129 124 121
1560025186.0699510574341 150 150 150 141 131
1560025186.1032845973969 131 131 131 125 122
1560025186.1699514389038 150 150 150 141 128
1560025186.2032849788666 128 128 128 121 120
1560025186.2699515819550 150 150 150 136 125
1560025186.3031220436096 125 125 125 118 110
1560025186.3364555835724 150 150 150 139 132
1560025186.3697891235352 132 132 132 127 124
1560025186.4031224250793 124 124 124 113 111
1560025186.4697890281677 150 150 150 134 118
1560025186.5031228065491 118 118 118 109 109
1560025186.5697896480560 150 150 150 138 114
1560025186.6031229496002 114 114 114 108 108
1560025186.6364562511444 150 150 150 145 140
1560025186.7031230926514 140 140 140 129 119
1560025186.7364566326141 150 150 150 140 130
1560025186.8031570911407 130 130 130 117 110
1560025186.8698236942291 150 150 150 137 126
1560025186.9031572341919 126 126 126 120 113
1560025186.9698240756989 150 150 150 138 126
1560025187.0031573772430 126 126 126 119 116
1560025187.1031577587128 150 150 150 132 120
1560025187.1698243618011 150 150 150 132 114
1560025187.2031576633453 114 114 114 109 101
1560025187.2698247432709 150 150 150 133 124
1560025187.3031411170959 124 124 124 116 116
1560025187.3698081970215 150 150 150 132 119
1560025187.4031412601471 119 119 119 115 111
1560025187.4698081016541 150 150 150 133 121
1560025187.5031416416168 121 121 121 110 102
1560025187.5698082447052 150 150 150 126 120
1560025187.6031417846680 120 120 120 108 105
1560025187.6698086261749 150 150 150 132 120
1560025187.7031421661377 120 120 120 114 110
1560025187.7698087692261 150 150 150 132 120
1560025187.8031802177429 120 120 120 110 110
1560025187.8698468208313 150 150 150 138 122
1560025187.9031805992126 122 122 122 108 108
1560025187.9698474407196 150 150 150 132 117
1560025188.0031809806824 117 117 117 107 107
1560025188.0698475837708 150 150 150 130 120
1560025188.1031808853149 120 120 120 115 109
1560025188.1698479652405 150 150 150 123 115
1560025188.2031812667847 115 115 115 104 102
1560025188.2698478698730 150 150 150 136 123
1560025188.3030898571014 123 123 123 110 107
1560025188.3697566986084 150 150 150 131 123
1560025188.4030900001526 123 123 123 112 112
1560025188.4697568416595 150 150 150 134 120
1560025188.5030903816223 120 120 120 114 109
1560025188.5697569847107 150 150 150 130 116
1560025188.6030902862549 116 116 116 109 109
1560025188.6364238262177 150 150 150 118 110
1560025188.6697573661804 110 110 110 106 102
1560025188.7030906677246 102 102 102 97 95
1560025188.7697572708130 150 150 150 138 127
1560025188.8030333518982 127 127 127 119 115
1560025188.8697001934052 150 150 149 126 113
1560025188.9030337333679 113 113 113 109 109
1560025188.9697003364563 150 150 150 132 122
1560025189.0030338764191 122 122 122 111 110
1560025189.0697007179260 150 150 150 125 105
1560025189.1030342578888 105 105 105 93 91
1560025189.1697008609772 150 150 150 132 118
1560025189.2030341625214 118 118 118 109 107
1560025189.2363677024841 150 150 150 139 120
1560025189.2697012424469 120 120 120 116 110
1560025189.3030459880829 110 110 110 105 102
1560025189.3697125911713 150 150 150 133 114
1560025189.4030461311340 114 114 114 102 96
1560025189.4697129726410 150 150 150 131 113
1560025189.5030462741852 113 113 113 102 98
1560025189.5697131156921 150 150 150 128 114
1560025189.6030464172363 114 114 114 110 109
1560025189.6697130203247 150 150 150 125 109
1560025189.7030465602875 109 109 109 98 95
1560025189.7697134017944 150 150 150 127 108
1560025189.8029818534851 108 108 108 93 93
1560025189.8696489334106 150 150 150 129 110
1560025189.9029822349548 110 110 110 101 99
1560025189.9696488380432 150 150 150 126 113
1560025190.0029823780060 113 113 113 102 99
1560025190.0696492195129 150 150 150 125 108
1560025190.1029827594757 108 108 108 101 101
1560025190.1696493625641 150 150 150 122 99
1560025190.2029829025269 99 99 99 98 96
1560025190.2363162040710 150 150 150 141 123
1560025190.3029880523682 123 123 123 103 91
1560025190.3363213539124 150 150 150 139 130
1560025190.3696548938751 130 130 130 122 122
1560025190.4029879570007 122 122 122 113 109
1560025190.4696550369263 150 150 150 133 115
1560025190.5029883384705 115 115 115 104 104
1560025190.6029884815216 150 150 150 127 114
1560025190.6363217830658 150 150 150 144 130
1560025190.7029888629913 130 130 130 109 102
1560025190.7363219261169 150 150 150 143 136
1560025190.7696554660797 136 136 136 126 119
1560025190.8030323982239 119 119 119 107 105
1560025190.9030327796936 150 150 150 121 105
1560025190.9696993827820 150 150 150 131 119
1560025191.0030331611633 119 119 119 112 112
1560025191.0697000026703 150 150 150 137 128
1560025191.1363666057587 128 128 128 110 103
1560025191.1697001457214 150 150 150 138 128
1560025191.2030334472656 128 128 128 119 115
1560025191.3029758930206 150 150 150 127 108
1560025191.3696424961090 150 150 150 129 111
1560025191.4029760360718 111 111 111 105 104
1560025191.4696428775787 150 150 150 126 107
1560025191.5029761791229 107 107 107 103 101
1560025191.5696430206299 150 150 150 127 101
1560025191.6029763221741 101 101 101 93 92
1560025191.6696431636810 150 150 150 132 119
1560025191.7029764652252 119 119 119 111 108
1560025191.7696433067322 150 150 150 125 111
1560025191.8029768466949 111 111 111 98 96
1560025191.8688232898712 150 150 150 134 113
1560025191.9021565914154 113 113 113 101 99
1560025191.9354898929596 150 150 150 136 124
1560025192.0021567344666 124 124 124 107 95
1560025192.0354902744293 150 150 150 139 124
1560025192.0688235759735 124 124 124 115 107
1560025192.1021568775177 107 107 107 100 91
1560025192.1688237190247 150 150 150 131 113
1560025192.2354905605316 113 113 113 99 96
1560025192.2688238620758 150 150 150 134 120
1560025192.3021571636200 120 120 120 113 106
1560025192.3695802688599 150 150 150 125 109
1560025192.4029138088226 109 109 109 96 93
1560025192.4362471103668 150 150 150 138 130
1560025192.5029139518738 130 130 130 114 102
1560025192.5695807933807 150 150 150 123 101
1560025192.6029140949249 101 101 101 94 91
1560025192.6695809364319 150 150 150 132 115
1560025192.7029142379761 115 115 115 105 97
1560025192.7695810794830 150 150 150 133 106
1560025192.8029146194458 106 106 106 99 99
1560025192.8695113658905 150 150 150 134 109
1560025192.9028446674347 109 109 109 99 97
1560025192.9695117473602 150 150 150 132 119
1560025193.0361783504486 119 119 119 104 102
1560025193.1028451919556 150 150 150 130 125
1560025193.1361787319183 150 150 150 139 128
1560025193.1695120334625 128 128 128 120 119
1560025193.2028455734253 119 119 119 112 112
1560025193.2695121765137 150 150 150 132 123
1560025193.3028457164764 123 123 123 115 109
1560025193.3694791793823 150 150 150 133 122
1560025193.4028127193451 122 122 122 117 114
1560025193.4694795608521 150 150 150 131 112
1560025193.5028131008148 112 112 112 98 96
1560025193.5694797039032 150 150 150 135 114
1560025193.6028132438660 114 114 114 102 100
1560025193.6694800853729 150 150 150 127 112
1560025193.7028131484985 112 112 112 101 100
1560025193.7694802284241 150 150 150 103 91
1560025193.8028135299683 91 91 91 84 84
1560025193.8694818019867 150 150 150 142 122
1560025193.9028148651123 122 122 122 108 105
1560025193.9361484050751 150 150 150 139 133
1560025194.0028152465820 133 133 133 115 104
1560025194.0694818496704 150 150 150 131 111
1560025194.1028153896332 111 111 111 98 89
1560025194.1694822311401 150 150 150 126 108
1560025194.2028157711029 108 108 108 100 98
1560025194.2694823741913 150 149 149 124 109
1560025194.3028156757355 109 109 109 102 96
1560025194.3361973762512 150 150 150 140 128
1560025194.4028639793396 128 128 128 118 99
1560025194.4361977577209 150 150 150 139 128
1560025194.4695312976837 128 128 128 115 113
1560025194.5028645992279 113 113 113 105 99
1560025194.5695312023163 150 150 150 105 86
1560025194.6028647422791 86 86 86 75 72
1560025194.6695315837860 150 150 150 130 111
1560025194.7028648853302 111 111 111 106 99
1560025194.7361981868744 150 150 150 139 126
1560025194.7695317268372 126 126 126 118 107
1560025194.8028650283813 107 107 107 96 94
1560025194.8694779872894 150 150 150 130 109
1560025194.9028117656708 109 109 109 97 92
1560025194.9694786071777 150 150 150 122 93
1560025195.0028116703033 93 93 93 90 85
1560025195.0694787502289 150 150 150 138 112
1560025195.1028120517731 112 112 112 107 104
1560025195.1694786548615 150 149 149 126 102
1560025195.2028121948242 102 102 102 90 86
1560025195.2694790363312 150 150 150 126 96
1560025195.3028125762939 96 96 96 87 86
1560025195.3694374561310 150 150 150 100 80
1560025195.4027707576752 80 80 80 73 69
1560025195.4361042976379 150 150 150 139 123
1560025195.4694375991821 123 123 123 110 108
1560025195.5027709007263 108 108 108 96 86
1560025195.5361044406891 150 150 150 141 128
1560025195.5694377422333 128 128 128 121 113
1560025195.6027712821960 113 113 113 103 102
1560025195.6361045837402 150 150 150 141 125
1560025195.6694378852844 125 125 125 117 114
1560025195.7027714252472 114 114 114 107 100
1560025195.7361047267914 150 150 150 137 124
1560025195.7694382667542 124 123 123 109 107
1560025195.8027715682983 107 107 107 100 97
1560025195.8361010551453 150 150 150 138 128
1560025195.8694345951080 128 128 128 122 119
1560025195.9027678966522 119 119 119 109 100
1560025195.9361014366150 150 150 150 142 128
1560025195.9694344997406 128 128 128 115 108
1560025196.0027680397034 108 108 108 100 97
1560025196.0361015796661 150 150 150 139 123
1560025196.0694348812103 123 123 123 110 104
1560025196.1027684211731 104 104 104 99 99
1560025196.1361014842987 150 150 150 141 130
1560025196.1694350242615 130 130 130 120 112
1560025196.2027685642242 112 112 112 105 105
1560025196.2361018657684 150 150 150 141 131
1560025196.2694354057312 131 131 131 122 121
1560025196.3027684688568 121 121 121 113 110
1560025196.3359866142273 150 150 150 145 123
1560025196.3693199157715 123 123 123 114 110
1560025196.4026532173157 110 110 110 106 106
1560025196.4359865188599 150 150 150 145 127
1560025196.4693202972412 127 127 127 121 110
1560025196.5026538372040 110 110 110 103 102
1560025196.5359871387482 150 150 150 141 129
1560025196.5693204402924 129 129 129 120 113
1560025196.6026537418365 113 113 113 106 104
1560025196.6359872817993 150 150 150 137 122
1560025196.6693208217621 122 122 122 114 112
1560025196.7026541233063 112 112 112 107 105
1560025196.7359876632690 150 150 150 142 131
1560025196.7693207263947 131 131 131 126 122
1560025196.8026542663574 122 122 122 110 109
1560025196.8360455036163 150 150 150 141 134
1560025196.8693785667419 134 134 134 127 124
1560025196.9027121067047 124 124 124 119 117
1560025196.9360454082489 150 150 150 141 133
1560025196.9693789482117 133 133 133 122 113
1560025197.0027124881744 113 113 113 105 96
1560025197.0360455513000 150 150 150 147 125
1560025197.0693790912628 125 125 125 118 110
1560025197.1027123928070 110 110 110 104 96
1560025197.1360459327698 150 150 150 148 140
1560025197.1693794727325 140 140 140 134 129
1560025197.2027125358582 129 129 129 121 120
1560025197.2360460758209 150 150 150 142 133
1560025197.2693793773651 133 133 133 126 122
1560025197.3027129173279 122 122 122 119 118
1560025197.3360588550568 150 150 150 146 141
1560025197.3693923950195 141 141 141 137 135
1560025197.4027256965637 135 135 135 131 131
1560025197.4360589981079 150 150 150 144 141
1560025197.4693925380707 141 141 141 136 131
1560025197.5027258396149 131 131 131 127 124
1560025197.5360593795776 150 150 150 147 141
1560025197.5693926811218 141 141 141 139 137
1560025197.6027259826660 137 137 137 136 132
1560025197.6360595226288 150 150 150 148 143
1560025197.6693928241730 143 143 143 140 140
1560025197.7027263641357 140 140 140 140 139
1560025197.7360596656799 150 150 150 148 145
1560025197.7693929672241 145 145 145 141 139
1560025197.8027265071869 139 139 139 139 139
1560025197.8360424041748 150 150 150 150 150
1560025197.8693759441376 150 150 150 150 149
1560025197.9027092456818 149 149 149 148 145
1560025197.9360427856445 150 150 150 150 148
1560025197.9693763256073 148 148 148 148 146
1560025198.0027093887329 146 146 146 146 144
1560025198.0360429286957 150 150 150 147 146
1560025198.0693762302399 146 146 146 146 146
1560025198.1027097702026 146 146 146 146 145
1560025198.1360433101654 150 150 150 150 149
1560025198.1693763732910 149 149 149 149 148
1560025198.2027099132538 148 148 148 148 148
1560025198.2360432147980 150 150 150 149 148
1560025198.2693767547607 148 148 148 148 145
1560025198.3027100563049 145 145 145 145 145
1560025198.3360016345978 150 150 150 150 147
1560025198.3693351745605 147 147 147 147 147
1560025198.4026684761047 147 147 147 147 145
1560025198.4360020160675 150 150 150 150 149
1560025198.4693353176117 149 149 149 149 144
1560025198.5026686191559 144 144 144 144 144
1560025198.5360021591187 150 150 150 147 147
1560025198.5693354606628 147 147 147 147 147
1560025198.6026690006256 147 147 147 147 146
1560025198.6360023021698 150 150 150 150 149
1560025198.6693356037140 149 149 149 149 149
