1560004885.5706577301025 150 150 150 148 143
1560004885.6039912700653 143 143 143 141 138
1560004885.6373245716095 138 138 138 138 137
1560004885.6706578731537 150 150 150 149 145
1560004885.7039911746979 145 145 145 144 144
1560004885.7373247146606 144 144 144 143 140
1560004885.7706580162048 150 150 150 149 146
1560004885.8039915561676 146 146 146 146 146
1560004885.8373248577118 146 146 146 145 145
1560004885.8706581592560 150 150 150 149 149
1560004885.9039916992188 149 149 149 149 148
1560004885.9372909069061 148 148 148 147 146
1560004885.9706242084503 150 150 150 149 148
1560004886.0039577484131 148 148 148 147 147
1560004886.0372912883759 147 147 147 146 143
1560004886.0706245899200 150 150 150 149 149
1560004886.1039578914642 149 149 149 148 143
1560004886.1372911930084 143 143 143 143 143
1560004886.1706247329712 150 150 150 145 145
1560004886.2039580345154 145 145 145 142 142
1560004886.2372915744781 142 142 142 142 141
1560004886.2706251144409 150 150 150 150 149
1560004886.3039581775665 149 149 149 149 148
1560004886.3372917175293 148 148 148 148 148
1560004886.3706250190735 150 150 150 149 149
1560004886.4039585590363 149 149 149 149 149
1560004886.4372768402100 149 149 149 149 148
1560004886.4706103801727 150 150 150 145 145
1560004886.5039439201355 145 145 145 144 143
1560004886.5372769832611 143 143 143 143 142
1560004886.5706105232239 150 150 150 150 149
1560004886.6039438247681 149 149 149 146 146
1560004886.6372773647308 146 146 146 146 141
1560004886.6706109046936 150 150 150 150 149
1560004886.7039442062378 149 149 149 148 146
1560004886.7372775077820 146 146 146 145 145
1560004886.7706108093262 150 150 150 150 147
1560004886.8039443492889 147 147 147 146 145
1560004886.8372778892517 145 145 145 144 143
1560004886.8706111907959 150 150 150 150 150
1560004886.9039447307587 150 150 150 148 146
1560004886.9372627735138 146 146 146 146 145
1560004886.9705958366394 150 150 150 148 147
1560004887.0039293766022 147 147 147 147 144
1560004887.0372629165649 144 144 144 144 141
1560004887.0705962181091 150 150 150 149 147
1560004887.1039297580719 147 147 147 146 146
1560004887.1372628211975 146 146 146 145 145
1560004887.1705963611603 150 150 150 148 148
1560004887.2039299011230 148 148 148 146 146
1560004887.2372632026672 146 146 146 145 143
1560004887.2705967426300 150 150 150 150 149
1560004887.3039300441742 149 149 149 148 147
1560004887.3372633457184 147 147 147 145 142
1560004887.3705968856812 150 150 150 149 146
1560004887.4039301872253 146 146 146 145 141
1560004887.4372811317444 141 141 141 139 135
1560004887.4706144332886 150 150 150 150 144
1560004887.5039479732513 144 144 144 142 133
1560004887.5372812747955 133 133 133 132 132
1560004887.5706148147583 150 150 150 148 139
1560004887.6039483547211 139 139 139 138 131
1560004887.6372814178467 131 131 131 127 124
1560004887.6706149578094 150 150 150 148 142
1560004887.7039482593536 142 142 142 136 132
1560004887.7372817993164 132 132 132 126 125
1560004887.7706153392792 150 150 150 148 137
1560004887.8039484024048 137 137 137 134 129
1560004887.8372819423676 129 129 129 123 116
1560004887.8706152439117 150 150 150 144 139
1560004887.9039487838745 139 139 139 136 126
1560004887.9373202323914 126 126 126 117 112
1560004887.9706532955170 150 150 150 143 128
1560004888.0039870738983 128 128 128 124 114
1560004888.0373203754425 114 114 114 112 106
1560004888.0706539154053 150 150 150 145 136
1560004888.1039872169495 136 136 136 133 130
1560004888.1373205184937 130 130 130 126 123
1560004888.1706540584564 150 150 150 145 131
1560004888.2039873600006 131 131 131 126 122
1560004888.2373208999634 122 122 122 119 117
1560004888.2706542015076 150 150 150 140 122
1560004888.3039875030518 122 122 122 116 114
1560004888.3373210430145 114 114 114 110 109
1560004888.3706543445587 150 150 150 141 130
1560004888.4039878845215 130 130 130 124 123
1560004888.4373238086700 123 123 123 118 114
1560004888.4706571102142 150 150 150 142 128
1560004888.5039904117584 128 128 128 123 119
1560004888.5373239517212 119 119 119 115 113
1560004888.5706572532654 150 150 150 121 114
1560004888.6039907932281 114 114 114 109 103
1560004888.6373238563538 103 103 103 100 99
1560004888.6706573963165 150 150 150 146 135
1560004888.7039909362793 135 135 135 133 128
1560004888.7373242378235 128 128 128 125 125
1560004888.7706577777863 150 150 150 144 136
1560004888.8039910793304 136 136 136 130 129
1560004888.8373243808746 129 129 129 129 123
1560004888.8706579208374 150 150 150 148 137
1560004888.9039912223816 137 137 137 134 133
1560004888.9372551441193 133 133 133 133 133
1560004888.9705886840820 150 150 150 146 136
1560004889.0039219856262 136 136 136 133 128
1560004889.0372552871704 128 128 128 127 127
1560004889.0705885887146 150 150 150 148 140
1560004889.1039221286774 140 140 140 139 138
1560004889.1372556686401 138 138 138 137 137
1560004889.1705889701843 150 150 150 148 146
1560004889.2039222717285 146 146 146 143 143
1560004889.2372555732727 143 143 143 142 141
1560004889.2705891132355 150 150 150 148 143
1560004889.3039224147797 143 143 143 140 139
1560004889.3372559547424 139 139 139 136 136
1560004889.3705892562866 150 150 150 150 147
1560004889.4039225578308 147 147 147 146 138
1560004889.4371440410614 138 138 138 138 135
1560004889.4704775810242 150 150 150 140 136
1560004889.5038111209869 136 136 136 135 128
1560004889.5371441841125 128 128 128 127 125
1560004889.5704777240753 150 150 150 146 140
1560004889.6038110256195 140 140 140 138 135
1560004889.6371445655823 135 135 135 133 128
1560004889.6704781055450 150 150 150 147 140
1560004889.7038111686707 140 140 140 136 135
1560004889.7371447086334 135 135 135 134 130
1560004889.7704780101776 150 150 150 145 135
1560004889.8038115501404 135 135 135 130 127
1560004889.8371450901031 127 127 127 126 122
1560004889.8704781532288 150 150 150 147 131
1560004889.9038116931915 131 131 131 129 129
1560004889.9372119903564 129 129 129 128 121
1560004889.9705452919006 150 150 150 148 135
1560004890.0038785934448 135 135 135 134 128
1560004890.0372121334076 128 128 128 124 120
1560004890.0705454349518 150 150 150 143 130
1560004890.1038789749146 130 130 130 121 115
1560004890.1372125148773 115 115 115 110 104
1560004890.1705455780029 150 150 150 144 130
1560004890.2038791179657 130 130 130 126 117
1560004890.2372124195099 117 117 117 110 105
1560004890.2705459594727 150 149 149 141 128
1560004890.3038794994354 128 128 128 123 118
1560004890.3372125625610 118 118 118 112 112
1560004890.3705461025238 150 150 150 141 127
1560004890.4038794040680 127 127 127 123 120
1560004890.4371182918549 120 120 120 115 110
1560004890.4704518318176 150 149 149 140 125
1560004890.5037851333618 125 125 125 116 105
1560004890.5371186733246 105 105 105 98 92
1560004890.5704519748688 150 150 150 141 125
1560004890.6037855148315 125 125 125 123 116
1560004890.6371188163757 116 116 116 109 108
1560004890.6704521179199 150 150 150 138 126
1560004890.7037856578827 126 126 126 118 113
1560004890.7371189594269 113 113 113 106 103
1560004890.7704524993896 150 150 150 139 128
1560004890.8037858009338 128 128 128 120 113
1560004890.8371191024780 113 113 113 107 101
1560004890.8704526424408 150 150 150 142 132
1560004890.9037859439850 132 132 132 126 122
1560004890.9370939731598 122 122 122 113 103
1560004890.9704275131226 150 150 150 118 106
1560004891.0037608146667 106 106 106 101 90
1560004891.0370943546295 90 90 90 89 86
1560004891.0704276561737 150 150 150 140 131
1560004891.1037609577179 131 131 131 121 115
1560004891.1370944976807 115 115 115 111 110
1560004891.1704277992249 150 150 149 142 135
1560004891.2037613391876 135 135 135 130 123
1560004891.2370946407318 123 123 123 119 115
1560004891.2704279422760 150 150 150 138 129
1560004891.3037614822388 129 129 129 123 119
1560004891.3370947837830 119 119 119 114 109
1560004891.3704283237457 150 150 150 142 133
1560004891.4037616252899 133 133 133 127 125
1560004891.4370636940002 125 125 125 121 119
1560004891.4703969955444 150 150 150 140 137
1560004891.5037305355072 137 137 137 130 126
1560004891.5370638370514 126 126 126 120 120
1560004891.5703971385956 150 150 150 124 119
1560004891.6037306785583 119 119 119 113 110
1560004891.6370639801025 110 110 110 108 107
1560004891.6703975200653 150 150 150 144 132
1560004891.7037308216095 132 132 132 126 119
1560004891.7370641231537 119 119 119 112 106
1560004891.7703976631165 150 150 150 120 116
1560004891.8037309646606 116 116 116 113 111
1560004891.8370645046234 111 111 111 107 106
1560004891.8703978061676 150 150 150 112 103
1560004891.9037311077118 103 103 103 96 91
1560004891.9370429515839 91 91 91 83 81
1560004891.9703764915466 150 150 150 149 141
1560004892.0037097930908 141 141 141 136 128
1560004892.0370430946350 128 128 128 123 116
1560004892.0703766345978 150 150 150 144 129
1560004892.1037099361420 129 129 129 118 109
1560004892.1370434761047 109 109 109 104 101
1560004892.1703767776489 150 150 150 139 128
1560004892.2037103176117 128 128 128 118 104
1560004892.2370436191559 104 104 104 95 92
1560004892.2703769207001 150 150 150 147 140
1560004892.3037104606628 140 140 140 136 132
1560004892.3370437622070 132 132 132 121 115
1560004892.3703773021698 150 150 150 141 132
1560004892.4037106037140 132 132 132 121 114
1560004892.4370305538177 114 114 114 105 104
1560004892.4703640937805 150 150 150 142 122
1560004892.5036971569061 122 122 122 115 111
1560004892.5370306968689 111 111 111 107 101
1560004892.5703642368317 150 150 150 139 130
1560004892.6036975383759 130 130 130 120 119
1560004892.6370310783386 119 119 119 111 109
1560004892.6703641414642 150 150 150 145 135
1560004892.7036976814270 135 135 135 125 119
1560004892.7370312213898 119 119 119 114 106
1560004892.7703645229340 150 150 150 147 133
1560004892.8036980628967 133 133 133 124 117
1560004892.8370313644409 117 117 117 110 102
1560004892.8703646659851 150 150 150 138 114
1560004892.9036982059479 114 114 114 111 108
1560004892.9370527267456 108 108 108 100 96
1560004892.9703862667084 150 150 150 139 128
1560004893.0037195682526 128 128 128 116 114
1560004893.0370528697968 114 114 114 105 103
1560004893.0703861713409 150 150 150 143 125
1560004893.1037197113037 125 125 125 115 114
1560004893.1370532512665 114 114 114 105 103
1560004893.1703865528107 150 150 150 144 137
1560004893.2037198543549 137 137 137 127 124
1560004893.2370531558990 124 124 124 117 114
1560004893.2703866958618 150 150 150 140 119
1560004893.3037202358246 119 119 119 109 105
1560004893.3370535373688 105 105 105 99 96
1560004893.3703870773315 150 150 150 148 135
1560004893.4037201404572 135 135 135 118 112
1560004893.4370391368866 112 112 112 106 104
1560004893.4703726768494 150 150 150 137 121
1560004893.5037059783936 121 121 121 110 104
1560004893.5370392799377 104 104 104 96 95
1560004893.5703728199005 150 150 150 141 129
1560004893.6037061214447 129 129 129 123 117
1560004893.6370396614075 117 117 117 110 106
1560004893.6703727245331 150 150 150 140 123
1560004893.7037062644958 123 123 123 110 98
1560004893.7370398044586 98 98 98 93 89
1560004893.7703731060028 150 150 150 139 117
1560004893.8037066459656 117 117 117 105 104
1560004893.8370397090912 104 104 104 98 98
1560004893.8703732490540 150 150 150 142 122
1560004893.9037067890167 122 122 122 113 107
1560004893.9370808601379 107 107 107 98 95
1560004893.9704144001007 150 150 150 137 123
1560004894.0037477016449 123 123 123 113 110
1560004894.0370810031891 110 110 110 104 102
1560004894.0704145431519 150 150 150 141 122
1560004894.1037478446960 122 122 122 113 103
1560004894.1370813846588 103 103 103 93 88
1560004894.1704146862030 150 150 150 138 120
1560004894.2037479877472 120 120 120 109 103
1560004894.2370815277100 103 103 103 94 92
1560004894.2704148292542 150 150 150 133 114
1560004894.3037483692169 114 114 114 107 105
1560004894.3370816707611 105 105 105 91 88
1560004894.3704149723053 150 150 149 133 119
1560004894.4037485122681 119 119 119 110 105
1560004894.4369564056396 105 105 105 95 86
1560004894.4702899456024 150 150 150 131 116
1560004894.5036230087280 116 116 116 108 98
1560004894.5369567871094 98 98 98 94 91
1560004894.5702903270721 150 149 149 140 122
1560004894.6036236286163 122 122 122 114 104
1560004894.6369569301605 104 104 104 96 92
1560004894.6702902317047 150 149 149 132 120
1560004894.7036237716675 120 120 120 114 109
1560004894.7369573116302 109 109 109 103 99
1560004894.7702906131744 150 150 150 133 122
1560004894.8036239147186 122 122 122 113 110
1560004894.8369572162628 110 110 110 104 92
1560004894.8702907562256 150 150 150 130 108
1560004894.9036242961884 108 108 108 103 98
1560004894.9369218349457 98 98 98 90 86
1560004894.9702553749084 150 149 149 136 111
1560004895.0035886764526 111 111 111 98 87
1560004895.0369222164154 87 87 87 79 74
1560004895.0702552795410 150 150 150 141 121
1560004895.1035888195038 121 121 121 118 103
1560004895.1369223594666 103 103 103 92 89
1560004895.1702556610107 150 150 150 138 119
1560004895.2035892009735 119 119 119 110 103
1560004895.2369222640991 103 103 103 95 86
1560004895.2702558040619 150 150 150 144 128
1560004895.3035893440247 128 128 128 121 115
1560004895.3369226455688 115 115 115 109 103
1560004895.3702561855316 150 150 150 139 122
1560004895.4035892486572 122 122 122 113 103
1560004895.4369227886200 103 103 103 96 89
1560004895.4702801704407 150 150 150 141 125
1560004895.5036137104034 125 125 125 114 105
1560004895.5369472503662 105 105 105 100 97
1560004895.5702805519104 150 150 150 142 129
1560004895.6036140918732 129 129 129 119 109
1560004895.6369471549988 109 109 109 102 95
1560004895.6702806949615 150 150 150 140 112
1560004895.7036142349243 112 112 112 104 104
1560004895.7369475364685 104 104 104 96 85
1560004895.7702810764313 150 150 150 146 131
1560004895.8036141395569 131 131 131 124 116
1560004895.8369476795197 116 116 116 113 103
1560004895.8702812194824 150 150 150 143 125
1560004895.9036145210266 125 125 125 112 109
1560004895.9369480609894 109 109 109 107 106
1560004895.9702522754669 150 150 150 144 134
1560004896.0035853385925 134 134 134 126 121
1560004896.0369188785553 121 121 121 115 111
1560004896.0702521800995 150 150 150 145 132
1560004896.1035857200623 132 132 132 128 122
1560004896.1369192600250 122 122 122 114 114
1560004896.1702523231506 150 150 150 138 107
1560004896.2035858631134 107 107 107 102 93
1560004896.2369191646576 93 93 93 88 84
1560004896.2702527046204 150 150 150 145 124
1560004896.3035860061646 124 124 124 119 112
1560004896.3369195461273 112 112 112 108 102
1560004896.3702530860901 150 150 150 146 129
1560004896.4035863876343 129 129 129 127 116
1560004896.4369199275970 116 116 116 111 107
1560004896.4702901840210 149 149 149 147 130
1560004896.5036234855652 130 130 130 124 107
1560004896.5369570255280 107 107 107 96 91
1560004896.5702905654907 150 150 150 139 122
1560004896.6036238670349 122 122 122 116 110
1560004896.6369571685791 110 110 110 102 93
1560004896.6702904701233 150 150 150 140 119
1560004896.7036240100861 119 119 119 114 103
1560004896.7369575500488 103 103 103 96 92
1560004896.7702908515930 148 148 148 143 122
1560004896.8036241531372 122 122 122 117 111
1560004896.8369574546814 111 111 111 105 95
1560004896.8702909946442 150 150 150 145 118
1560004896.9036245346069 118 118 118 115 111
1560004896.9369578361511 111 111 111 107 106
1560004896.9701662063599 145 145 145 138 115
1560004897.0034995079041 115 115 115 107 106
1560004897.0368330478668 106 106 106 103 99
1560004897.0701663494110 141 141 141 128 113
1560004897.1034996509552 113 113 113 104 96
1560004897.1368331909180 96 96 96 94 89
1560004897.1701664924622 144 144 144 138 121
1560004897.2035000324249 121 121 121 112 108
1560004897.2368333339691 108 108 108 99 97
1560004897.2701666355133 149 149 149 141 123
1560004897.3035001754761 123 123 123 116 100
1560004897.3368334770203 100 100 100 95 89
1560004897.3701670169830 145 145 145 135 114
1560004897.4035003185272 114 114 114 104 100
1560004897.4368338584900 100 100 100 97 92
1560004897.4701628684998 144 144 144 136 114
1560004897.5034961700439 114 114 114 107 100
1560004897.5368294715881 100 100 100 93 89
1560004897.5701630115509 142 141 141 112 98
1560004897.6034963130951 98 98 98 96 90
1560004897.6368298530579 90 90 90 84 82
1560004897.6701631546021 129 128 128 122 104
1560004897.7034966945648 104 104 104 100 96
1560004897.7368302345276 96 96 96 91 88
1560004897.7701635360718 126 126 126 118 87
1560004897.8034970760345 87 87 87 79 75
1560004897.8368303775787 75 75 75 71 69
1560004897.8701639175415 130 130 130 125 111
1560004897.9034972190857 111 111 111 106 95
1560004897.9368305206299 95 95 95 91 89
1560004897.9701325893402 124 124 124 120 108
1560004898.0034661293030 108 108 108 104 99
1560004898.0367996692657 99 99 99 93 78
1560004898.0701327323914 128 128 128 119 100
1560004898.1034662723541 100 100 100 93 88
1560004898.1367995738983 88 88 88 85 80
1560004898.1701331138611 131 131 131 107 97
1560004898.2034666538239 97 97 97 95 91
1560004898.2367997169495 91 91 91 85 81
1560004898.2701332569122 130 129 129 121 109
1560004898.3034665584564 109 109 109 103 80
1560004898.3368000984192 80 80 80 74 73
1560004898.3701336383820 119 119 119 109 100
1560004898.4034667015076 100 100 100 94 89
1560004898.4368002414703 89 89 89 87 85
1560004898.4701578617096 138 137 137 131 117
1560004898.5034916400909 117 117 117 112 108
1560004898.5368249416351 108 108 108 104 98
1560004898.5701584815979 140 139 139 133 118
1560004898.6034920215607 118 118 118 111 103
1560004898.6368250846863 103 103 103 98 95
1560004898.6701586246490 134 134 134 129 116
1560004898.7034919261932 116 116 116 112 105
1560004898.7368254661560 105 105 105 100 99
1560004898.7701590061188 128 128 128 118 109
1560004898.8034920692444 109 109 109 105 101
1560004898.8368256092072 101 101 101 97 95
1560004898.8701589107513 142 141 141 136 107
1560004898.9034924507141 107 107 107 104 96
1560004898.9368259906769 96 96 96 93 90
1560004898.9701600074768 137 137 137 128 104
1560004899.0034930706024 104 104 104 99 94
1560004899.0368266105652 94 94 94 92 86
1560004899.0701601505280 131 131 131 127 104
1560004899.1034934520721 104 104 104 94 87
1560004899.1368269920349 87 87 87 80 73
1560004899.1701600551605 133 133 133 129 101
1560004899.2034935951233 101 101 101 96 89
1560004899.2368268966675 89 89 89 83 78
1560004899.2701604366302 130 130 130 128 110
1560004899.3034939765930 110 110 110 104 96
1560004899.3368270397186 96 96 96 91 88
1560004899.3701605796814 132 132 132 126 109
1560004899.4034938812256 109 109 109 105 100
1560004899.4368274211884 100 100 100 98 89
1560004899.4701178073883 127 127 127 122 105
1560004899.5034513473511 105 105 105 98 94
1560004899.5367848873138 94 94 94 90 84
1560004899.5701181888580 125 125 125 121 102
1560004899.6034517288208 102 102 102 98 86
1560004899.6367850303650 86 86 86 83 76
1560004899.6701183319092 135 135 135 130 114
1560004899.7034516334534 114 114 114 108 96
1560004899.7367851734161 96 96 96 92 91
1560004899.7701187133789 129 129 128 126 112
1560004899.8034520149231 112 112 112 108 102
1560004899.8367853164673 102 102 102 98 95
1560004899.8701186180115 132 132 132 124 105
1560004899.9034521579742 105 105 105 103 98
1560004899.9367856979370 98 98 98 90 90
1560004899.9700584411621 130 130 130 120 106
1560004900.0033917427063 106 106 106 103 101
1560004900.0367252826691 101 101 101 97 96
1560004900.0700585842133 125 125 125 121 111
1560004900.1033921241760 111 111 111 105 101
1560004900.1367254257202 101 101 101 97 88
1560004900.1700587272644 125 125 125 117 100
1560004900.2033922672272 100 100 100 95 93
1560004900.2367255687714 93 93 93 90 84
1560004900.2700591087341 119 119 119 117 101
1560004900.3033924102783 101 101 101 93 88
1560004900.3367257118225 88 88 88 84 78
1560004900.3700590133667 115 115 115 93 79
1560004900.4033925533295 79 79 79 77 71
1560004900.4367260932922 71 71 71 65 65
1560004900.4700505733490 115 115 115 112 97
1560004900.5033838748932 97 97 97 93 83
1560004900.5367171764374 83 83 83 83 77
1560004900.5700507164001 116 116 116 113 96
1560004900.6033840179443 96 96 96 90 85
1560004900.6367175579071 85 85 85 84 83
1560004900.6700508594513 114 114 114 109 92
1560004900.7033841609955 92 92 92 87 81
1560004900.7367177009583 81 81 81 76 75
1560004900.7700510025024 114 114 114 109 98
1560004900.8033845424652 98 98 98 95 88
1560004900.8367178440094 88 88 88 83 78
1560004900.8700513839722 111 111 111 101 91
1560004900.9033846855164 91 91 91 88 74
1560004900.9367179870605 74 74 74 69 64
1560004900.9699807167053 116 116 116 113 100
1560004901.0033140182495 100 100 100 96 91
1560004901.0366475582123 91 91 91 89 86
1560004901.0699806213379 120 120 120 115 99
1560004901.1033141613007 99 99 99 95 87
1560004901.1366477012634 87 87 87 85 84
1560004901.1699810028076 126 126 126 123 111
1560004901.2033145427704 111 111 111 101 96
1560004901.2366476058960 96 96 96 90 87
1560004901.2699811458588 127 127 127 120 110
1560004901.3033146858215 110 110 110 104 95
1560004901.3366479873657 95 95 95 95 93
1560004901.3699815273285 120 120 120 108 101
1560004901.4033145904541 101 101 101 91 88
1560004901.4366481304169 88 88 88 83 80
1560004901.4700033664703 121 121 121 112 93
1560004901.5033366680145 93 93 93 91 86
1560004901.5366702079773 86 86 86 83 83
1560004901.5700035095215 117 117 117 111 97
1560004901.6033368110657 97 97 97 86 80
1560004901.6366703510284 80 80 80 76 75
1560004901.6700036525726 118 118 118 112 106
1560004901.7033371925354 106 106 106 103 103
1560004901.7366704940796 103 103 103 97 91
1560004901.7700037956238 136 136 136 132 112
1560004901.8033373355865 112 112 112 109 107
1560004901.8366706371307 107 107 107 96 92
1560004901.8700041770935 122 122 122 113 107
1560004901.9033374786377 107 107 107 100 100
1560004901.9366707801819 100 100 100 92 92
1560004901.9700429439545 126 126 124 118 112
1560004902.0033762454987 112 112 112 107 100
1560004902.0367097854614 100 100 100 97 91
1560004902.0700433254242 145 145 145 137 131
1560004902.1033763885498 131 130 130 122 121
1560004902.1367099285126 121 121 121 115 101
1560004902.1700432300568 146 146 146 138 134
1560004902.2033767700195 134 134 134 130 126
1560004902.2367103099823 126 126 126 120 120
1560004902.2700433731079 150 150 150 144 139
1560004902.3033769130707 139 139 139 130 128
1560004902.3367102146149 128 128 128 122 118
1560004902.3700437545776 150 150 150 140 135
1560004902.4033772945404 135 135 135 131 130
1560004902.4367103576660 130 130 130 125 117
1560004902.4699652194977 150 150 150 124 121
1560004902.5032987594604 121 121 121 119 117
1560004902.5366322994232 117 117 117 107 105
1560004902.5699656009674 150 150 150 141 137
1560004902.6032991409302 137 137 137 131 129
1560004902.6366324424744 129 129 129 126 123
1560004902.6699657440186 150 150 150 141 132
1560004902.7032990455627 132 132 132 125 125
1560004902.7366325855255 125 125 125 120 118
1560004902.7699661254883 150 150 150 148 142
1560004902.8032994270325 142 142 142 134 130
1560004902.8366327285767 130 130 130 125 117
1560004902.8699660301208 150 150 150 144 133
1560004902.9032995700836 133 133 133 124 122
1560004902.9366331100464 122 122 122 118 118
1560004902.9700524806976 150 150 150 141 134
1560004903.0033857822418 134 134 134 127 115
1560004903.0367193222046 115 115 115 109 107
1560004903.0700523853302 150 150 150 141 132
1560004903.1033861637115 132 132 132 127 124
1560004903.1367197036743 124 124 124 115 113
1560004903.1700530052185 150 150 150 140 123
1560004903.2033865451813 123 123 123 118 115
1560004903.2367196083069 115 115 115 111 108
1560004903.2700531482697 150 150 150 144 135
1560004903.3033866882324 135 135 135 126 118
1560004903.3367199897766 118 118 118 111 109
1560004903.3700535297394 150 150 150 123 112
1560004903.4033868312836 112 112 112 101 99
1560004903.4367201328278 99 99 99 88 83
1560004903.4700009822845 150 150 150 144 129
1560004903.5033345222473 129 129 129 123 112
1560004903.5366678237915 112 112 112 106 103
1560004903.5700011253357 150 150 150 138 112
1560004903.6033344268799 112 112 112 106 99
1560004903.6366679668427 99 99 99 98 97
1560004903.6700015068054 150 150 150 143 130
1560004903.7033348083496 130 130 130 128 125
1560004903.7366681098938 125 125 125 121 118
1560004903.7700014114380 150 150 150 139 128
1560004903.8033349514008 128 128 128 121 117
1560004903.8366684913635 117 117 117 111 105
1560004903.8700017929077 150 150 150 139 130
1560004903.9033350944519 130 130 130 121 114
1560004903.9366683959961 114 114 114 105 100
1560004903.9699668884277 150 150 150 138 121
1560004904.0033001899719 121 121 121 116 108
1560004904.0366337299347 108 108 108 98 95
1560004904.0699670314789 150 150 150 144 125
1560004904.1033005714417 125 125 125 119 115
1560004904.1366338729858 115 115 115 109 105
1560004904.1699671745300 150 150 150 141 126
1560004904.2033007144928 126 126 126 121 111
1560004904.2366340160370 111 111 111 103 97
1560004904.2699675559998 150 150 150 144 125
1560004904.3033008575439 125 125 125 118 108
1560004904.3366341590881 108 108 108 103 101
1560004904.3699676990509 150 150 150 141 118
1560004904.4033010005951 118 118 118 109 102
1560004904.4366345405579 102 102 102 98 93
1560004904.4698960781097 147 147 147 134 117
1560004904.5032293796539 117 117 117 109 104
1560004904.5365626811981 104 104 104 99 93
1560004904.5698962211609 150 150 150 138 125
1560004904.6032295227051 125 125 125 116 112
1560004904.6365630626678 112 112 112 105 99
1560004904.6698966026306 150 150 150 143 130
1560004904.7032296657562 130 130 130 121 117
1560004904.7365632057190 117 117 117 108 105
1560004904.7698965072632 150 150 150 141 129
1560004904.8032300472260 129 129 129 115 106
1560004904.8365635871887 106 106 106 95 88
1560004904.8698966503143 150 150 150 140 129
1560004904.9032301902771 129 129 129 121 115
1560004904.9365634918213 115 115 115 106 103
1560004904.9698479175568 150 150 150 141 130
1560004905.0031812191010 130 130 130 118 111
1560004905.0365147590637 111 111 111 108 102
1560004905.0698478221893 150 150 150 141 134
1560004905.1031813621521 134 134 134 128 128
1560004905.1365149021149 128 128 128 120 115
1560004905.1698482036591 150 150 150 135 125
1560004905.2031817436218 125 125 125 124 121
1560004905.2365148067474 121 121 121 116 113
1560004905.2698483467102 150 150 150 137 129
1560004905.3031818866730 129 129 129 121 119
1560004905.3365151882172 119 119 119 112 107
1560004905.3698487281799 150 150 150 148 140
1560004905.4031817913055 140 140 140 130 129
1560004905.4365153312683 129 129 129 120 118
1560004905.4698097705841 150 150 150 140 126
1560004905.5031433105469 126 126 126 117 112
1560004905.5364766120911 112 112 112 108 102
1560004905.5698101520538 150 150 150 140 137
1560004905.6031436920166 137 137 137 130 122
1560004905.6364767551422 122 122 122 114 111
1560004905.6698105335236 150 150 150 144 137
1560004905.7031438350677 137 137 137 125 125
1560004905.7364773750305 125 125 125 114 106
1560004905.7698106765747 150 150 150 145 142
1560004905.8031439781189 142 142 142 137 133
1560004905.8364775180817 133 133 133 124 123
1560004905.8698108196259 150 150 150 142 141
1560004905.9031443595886 141 141 141 132 122
1560004905.9364778995514 122 122 122 113 112
1560004905.9699592590332 150 150 150 142 129
1560004906.0032925605774 129 129 129 124 122
1560004906.0366258621216 122 122 122 115 113
1560004906.0699591636658 150 150 150 120 116
1560004906.1032927036285 116 116 116 108 97
1560004906.1366262435913 97 97 97 91 91
1560004906.1699595451355 150 150 150 143 132
1560004906.2032930850983 132 132 132 126 121
1560004906.2366261482239 121 121 121 117 106
1560004906.2699596881866 150 150 150 145 135
1560004906.3032929897308 135 135 135 129 127
1560004906.3366265296936 127 127 127 121 119
1560004906.3699600696564 150 150 150 144 128
1560004906.4032931327820 128 128 128 124 122
1560004906.4366266727448 122 122 122 112 108
1560004906.4698176383972 150 150 150 146 128
1560004906.5031511783600 128 128 128 124 123
1560004906.5364847183228 123 123 123 115 114
1560004906.5698177814484 150 150 150 139 128
1560004906.6031513214111 128 128 128 122 117
1560004906.6364846229553 117 117 117 111 107
1560004906.6698181629181 150 150 150 147 136
1560004906.7031517028809 136 136 136 126 121
1560004906.7364847660065 121 121 121 116 114
1560004906.7698183059692 150 150 150 149 130
1560004906.8031516075134 130 130 130 123 121
1560004906.8364851474762 121 121 121 114 108
1560004906.8698186874390 150 150 150 140 125
1560004906.9031517505646 125 125 125 118 114
1560004906.9364852905273 114 114 114 106 103
1560004906.9698219299316 150 150 150 139 124
1560004907.0031554698944 124 124 124 116 115
1560004907.0364887714386 115 115 115 111 108
1560004907.0698223114014 150 150 150 135 126
1560004907.1031558513641 126 126 126 119 109
1560004907.1364889144897 109 109 109 105 102
1560004907.1698224544525 150 150 150 141 130
1560004907.2031557559967 130 130 130 123 121
1560004907.2364892959595 121 121 121 117 111
1560004907.2698228359222 150 150 150 141 130
1560004907.3031558990479 130 130 130 122 118
1560004907.3364894390106 118 118 118 109 105
1560004907.3698227405548 150 150 150 141 126
1560004907.4031562805176 126 126 126 122 115
1560004907.4364898204803 115 115 115 111 103
1560004907.4697911739349 150 150 150 143 128
1560004907.5031244754791 128 128 128 125 117
1560004907.5364580154419 117 117 117 111 111
1560004907.5697915554047 150 150 150 143 121
1560004907.6031248569489 121 121 121 117 106
1560004907.6364581584930 106 106 106 102 101
1560004907.6697914600372 150 149 149 141 129
1560004907.7031250000000 129 129 129 124 116
1560004907.7364585399628 116 116 116 110 105
1560004907.7697918415070 150 149 149 142 119
1560004907.8031251430511 119 119 119 114 110
1560004907.8364584445953 110 110 110 103 101
1560004907.8697919845581 150 150 150 144 133
1560004907.9031255245209 133 133 133 125 115
1560004907.9364588260651 115 115 115 109 109
1560004907.9697654247284 150 150 150 147 140
1560004908.0030989646912 140 140 140 134 128
1560004908.0364320278168 128 128 128 122 120
1560004908.0697655677795 150 150 150 146 138
1560004908.1030991077423 138 138 138 130 119
1560004908.1364324092865 119 119 119 116 112
1560004908.1697659492493 150 150 150 143 135
1560004908.2030990123749 135 135 135 125 119
1560004908.2364325523376 119 119 119 111 107
1560004908.2697660923004 150 150 150 144 136
1560004908.3030993938446 136 136 136 130 130
1560004908.3364329338074 130 130 130 121 110
1560004908.3697659969330 150 150 150 146 140
1560004908.4030995368958 140 140 140 132 125
1560004908.4364330768585 125 125 125 119 117
1560004908.4697606563568 150 150 150 139 123
1560004908.5030941963196 123 123 123 112 103
1560004908.5364274978638 103 103 103 100 97
1560004908.5697610378265 150 150 150 144 134
1560004908.6030943393707 134 134 134 131 128
1560004908.6364276409149 128 128 128 126 110
1560004908.6697611808777 150 150 150 142 133
1560004908.7030944824219 133 133 133 127 106
1560004908.7364280223846 106 106 106 102 100
1560004908.7697613239288 150 150 150 144 129
1560004908.8030946254730 129 129 129 126 120
1560004908.8364281654358 120 120 120 114 106
1560004908.8697614669800 150 150 150 143 126
1560004908.9030950069427 126 126 126 116 107
1560004908.9364283084869 107 107 107 99 98
1560004908.9697246551514 150 150 150 144 128
1560004909.0030579566956 128 128 128 123 121
1560004909.0363912582397 121 121 121 117 114
1560004909.0697245597839 150 150 150 136 127
1560004909.1030580997467 127 127 127 121 118
1560004909.1363916397095 118 118 118 110 103
1560004909.1697249412537 150 150 150 146 135
1560004909.2030582427979 135 135 135 129 123
1560004909.2363915443420 123 123 123 119 116
1560004909.2697250843048 150 150 150 142 118
1560004909.3030586242676 118 118 118 110 101
1560004909.3363919258118 101 101 101 96 94
1560004909.3697252273560 150 150 150 147 137
1560004909.4030585289001 137 137 137 131 125
1560004909.4363920688629 125 125 125 116 116
1560004909.4697062969208 150 150 150 142 128
1560004909.5030398368835 128 128 128 122 111
1560004909.5363731384277 111 111 111 102 98
1560004909.5697064399719 150 150 150 143 126
1560004909.6030397415161 126 126 126 123 120
1560004909.6363732814789 120 120 120 112 106
1560004909.6697068214417 150 150 150 144 131
1560004909.7030401229858 131 131 131 121 114
1560004909.7363734245300 114 114 114 110 95
1560004909.7697067260742 150 150 150 140 120
1560004909.8030402660370 120 120 120 114 107
1560004909.8363735675812 107 107 107 103 97
1560004909.8697071075439 150 150 150 112 92
1560004909.9030404090881 92 92 92 89 85
1560004909.9363737106323 85 85 85 80 77
1560004909.9696753025055 150 150 150 143 131
1560004910.0030088424683 131 131 131 122 115
1560004910.0363423824310 115 115 115 109 109
1560004910.0696754455566 150 150 150 146 131
1560004910.1030089855194 131 131 131 123 117
1560004910.1363422870636 117 117 117 107 98
1560004910.1696758270264 150 150 150 144 125
1560004910.2030093669891 125 125 125 118 97
1560004910.2363424301147 97 97 97 91 90
1560004910.2696759700775 150 150 150 144 138
1560004910.3030092716217 138 138 138 130 120
1560004910.3363428115845 120 120 120 113 112
1560004910.3696763515472 150 150 150 139 133
1560004910.4030094146729 133 133 133 126 117
1560004910.4363429546356 117 117 117 111 108
1560004910.4696528911591 150 150 150 143 119
1560004910.5029861927032 119 119 119 112 112
1560004910.5363194942474 112 112 112 104 98
1560004910.5696527957916 150 150 150 142 131
1560004910.6029863357544 131 131 131 127 123
1560004910.6363196372986 123 123 123 114 108
1560004910.6696531772614 150 150 150 142 129
1560004910.7029864788055 129 129 129 121 108
1560004910.7363197803497 108 108 108 103 97
1560004910.7696533203125 150 150 150 146 137
1560004910.8029866218567 137 137 137 124 116
1560004910.8363201618195 116 116 116 111 106
1560004910.8696534633636 150 150 150 143 134
1560004910.9029867649078 134 134 134 121 117
1560004910.9363203048706 117 117 117 110 107
1560004910.9696247577667 150 150 150 143 128
1560004911.0029580593109 128 128 128 121 113
1560004911.0362915992737 113 113 113 100 99
1560004911.0696249008179 150 150 150 140 128
1560004911.1029582023621 128 128 128 121 112
1560004911.1362917423248 112 112 112 101 97
1560004911.1696250438690 150 150 150 135 120
1560004911.2029585838318 120 120 120 112 106
1560004911.2362918853760 106 106 106 97 95
1560004911.2696251869202 150 150 150 139 118
1560004911.3029587268829 118 118 118 103 94
1560004911.3362920284271 94 94 94 86 84
1560004911.3696255683899 150 150 150 141 122
1560004911.4029588699341 122 122 122 109 104
1560004911.4362921714783 104 104 104 93 90
1560004911.4696218967438 150 150 150 146 130
1560004911.5029554367065 130 130 130 122 116
1560004911.5362884998322 116 116 116 111 101
1560004911.5696220397949 150 150 150 138 121
1560004911.6029555797577 121 121 121 113 106
1560004911.6362888813019 106 106 106 100 94
1560004911.6696224212646 150 150 150 131 118
1560004911.7029554843903 118 118 118 111 100
1560004911.7362890243530 100 100 100 94 94
1560004911.7696225643158 150 150 150 119 102
1560004911.8029558658600 102 102 102 90 87
1560004911.8362894058228 87 87 87 84 81
1560004911.8696224689484 150 150 150 144 126
1560004911.9029560089111 126 126 126 118 114
1560004911.9362895488739 114 114 114 109 101
1560004911.9696354866028 150 149 149 140 125
1560004912.0029690265656 125 125 125 113 103
1560004912.0363023281097 103 103 103 93 93
1560004912.0696356296539 150 150 150 142 123
1560004912.1029689311981 123 123 123 113 107
1560004912.1363024711609 107 107 107 101 96
1560004912.1696357727051 150 150 150 136 118
1560004912.2029693126678 118 118 118 109 107
1560004912.2363028526306 107 107 107 100 95
1560004912.2696359157562 150 150 150 132 108
1560004912.3029694557190 108 108 108 96 92
1560004912.3363027572632 92 92 92 81 72
1560004912.3696362972260 150 150 149 140 120
1560004912.4029700756073 120 120 120 113 107
1560004912.4363031387329 107 107 107 102 90
1560004912.4696187973022 150 150 150 137 123
1560004912.5029523372650 123 123 123 117 110
1560004912.5362856388092 110 110 110 105 101
1560004912.5696191787720 150 150 149 140 123
1560004912.6029527187347 123 123 123 121 115
1560004912.6362857818604 115 115 115 110 108
1560004912.6696193218231 150 150 149 135 112
1560004912.7029526233673 112 112 112 106 105
1560004912.7362861633301 105 105 105 95 90
1560004912.7696197032928 150 150 150 136 112
1560004912.8029527664185 112 112 112 106 100
1560004912.8362863063812 100 100 100 95 91
1560004912.8696196079254 150 150 149 142 126
1560004912.9029531478882 126 126 126 121 115
1560004912.9362866878510 115 115 115 113 111
1560004912.9696068763733 150 150 149 142 127
1560004913.0029404163361 127 127 127 125 115
1560004913.0362737178802 115 115 115 109 106
1560004913.0696072578430 150 150 149 141 130
1560004913.1029403209686 130 130 130 125 117
1560004913.1362738609314 117 117 117 110 106
1560004913.1696074008942 150 150 149 142 126
1560004913.2029407024384 126 126 126 118 110
1560004913.2362742424011 110 110 110 96 93
1560004913.2696073055267 150 150 150 139 128
1560004913.3029408454895 128 128 128 120 116
1560004913.3362741470337 116 116 116 110 108
1560004913.3696076869965 150 150 150 135 113
1560004913.4029412269592 113 113 113 105 104
1560004913.4362745285034 104 104 104 97 90
1560004913.4696092605591 150 150 150 133 124
1560004913.5029428005219 124 124 124 115 103
1560004913.5362763404846 103 103 103 97 94
1560004913.5696096420288 150 150 150 137 123
1560004913.6029431819916 123 123 123 111 96
1560004913.6362764835358 96 96 96 92 88
1560004913.7029435634613 150 150 150 135 108
1560004913.7362768650055 108 108 108 97 96
1560004913.8029437065125 150 150 149 130 103
1560004913.8362770080566 103 103 103 97 94
1560004913.8696103096008 150 150 150 144 127
1560004913.9029438495636 127 127 127 118 114
1560004913.9362773895264 114 114 114 108 106
1560004914.0028541088104 150 150 150 133 103
1560004914.0361871719360 103 103 103 97 97
1560004914.0695207118988 150 150 150 141 122
1560004914.1028540134430 122 122 122 113 111
1560004914.1361875534058 111 111 111 101 94
1560004914.1695210933685 150 150 150 140 117
1560004914.2028541564941 117 117 117 112 108
1560004914.2361876964569 108 108 108 103 102
1560004914.2695209980011 150 150 150 146 133
1560004914.3028545379639 133 133 133 124 116
1560004914.3361880779266 116 116 116 108 107
1560004914.4028546810150 150 150 150 135 109
1560004914.4361879825592 109 109 109 99 93
1560004914.4695215225220 150 150 150 141 128
1560004914.5027930736542 128 128 128 122 115
1560004914.5361263751984 115 115 115 108 103
1560004914.5694596767426 150 150 150 147 134
1560004914.6027932167053 134 134 134 125 117
1560004914.6361265182495 117 117 117 109 106
1560004914.7027931213379 150 150 150 142 111
1560004914.7361266613007 111 111 111 108 106
1560004914.7694602012634 150 150 150 142 132
1560004914.8027935028076 132 132 132 128 118
1560004914.8361270427704 118 118 118 109 101
1560004914.9027936458588 150 150 150 136 112
1560004914.9361271858215 112 112 112 108 104
1560004914.9694604873657 150 150 150 141 119
1560004915.0027949810028 119 119 119 115 103
1560004915.0361285209656 103 103 103 97 94
1560004915.1027951240540 150 150 150 129 99
1560004915.1361286640167 99 99 99 92 91
1560004915.1694619655609 150 150 150 141 122
1560004915.2027955055237 122 122 122 113 110
1560004915.2361285686493 110 110 110 104 96
1560004915.3027956485748 150 150 150 134 107
1560004915.3361289501190 107 107 107 103 102
1560004915.3694627285004 150 150 150 146 129
1560004915.4027955532074 129 129 129 119 112
1560004915.4361293315887 112 112 112 101 95
1560004915.5026865005493 150 150 150 124 98
1560004915.5360198020935 98 98 98 96 94
1560004915.5693533420563 150 150 150 121 99
1560004915.6026864051819 99 99 99 92 87
1560004915.6360199451447 87 87 87 84 80
1560004915.6693534851074 150 150 150 140 116
1560004915.7026867866516 116 116 116 111 99
1560004915.7360203266144 99 99 99 98 92
1560004915.8026869297028 150 150 150 137 107
1560004915.8360202312469 107 107 107 100 94
1560004915.8693537712097 150 150 150 143 120
1560004915.9026873111725 120 120 120 114 107
1560004915.9360206127167 107 107 107 103 100
1560004916.0027656555176 150 150 150 136 103
1560004916.0360991954803 103 103 103 95 88
1560004916.0694327354431 150 150 150 142 120
1560004916.1027657985687 120 120 120 109 101
1560004916.1360993385315 101 101 101 97 88
1560004916.1694326400757 150 150 150 141 121
1560004916.2027661800385 121 121 121 112 105
1560004916.2360997200012 105 105 105 100 90
1560004916.3027663230896 150 150 150 123 90
1560004916.3360996246338 90 90 90 85 83
1560004916.4027667045593 150 150 150 123 94
1560004916.4360997676849 94 94 94 88 86
1560004916.4694333076477 150 150 150 140 125
1560004916.5028057098389 125 125 125 122 110
1560004916.5361392498016 110 110 110 106 97
1560004916.5694723129272 150 150 150 138 107
1560004916.6028058528900 107 107 107 99 89
1560004916.6361391544342 89 89 89 83 77
1560004916.7028062343597 150 149 149 133 110
1560004916.7361392974854 110 110 110 107 102
1560004916.8028061389923 150 149 149 135 108
1560004916.8361399173737 108 108 108 103 102
1560004916.8694734573364 150 150 150 122 108
1560004916.9028067588806 108 108 108 105 92
1560004916.9361400604248 92 92 92 86 77
1560004917.0028662681580 150 150 150 135 112
1560004917.0361998081207 112 112 112 106 101
1560004917.0695328712463 150 150 150 145 129
1560004917.1028664112091 129 129 129 127 125
1560004917.1361997127533 125 125 125 121 118
1560004917.2028667926788 150 150 150 142 114
1560004917.2361998558044 114 114 114 112 104
1560004917.2695333957672 150 150 150 147 130
1560004917.3362002372742 130 130 130 125 121
1560004917.4028668403625 150 148 148 140 110
1560004917.4362003803253 110 110 110 103 103
1560004917.5027790069580 150 149 149 138 125
1560004917.5361125469208 125 125 125 120 119
1560004917.5694458484650 150 150 149 147 136
1560004917.6027793884277 136 136 136 130 117
1560004917.6361126899719 117 117 117 117 112
1560004917.7027795314789 150 150 150 139 125
1560004917.7361128330231 125 125 125 122 116
1560004917.7694463729858 150 149 149 142 137
1560004917.8027794361115 137 137 137 132 132
1560004917.8361129760742 132 132 132 122 119
1560004917.9027798175812 150 150 150 146 132
1560004917.9361135959625 132 132 132 124 118
1560004917.9694466590881 150 150 150 147 141
1560004918.0027568340302 141 141 141 137 127
1560004918.0360901355743 127 127 127 120 119
1560004918.0694236755371 150 150 150 146 138
1560004918.1027569770813 138 138 138 133 133
1560004918.1360902786255 133 133 133 125 115
1560004918.2027571201324 150 150 150 145 134
1560004918.2360906600952 134 134 134 128 126
1560004918.3027572631836 150 150 150 135 121
1560004918.3360908031464 121 121 121 115 114
1560004918.4027576446533 150 150 150 143 121
1560004918.4360909461975 121 121 121 115 113
1560004918.5026767253876 150 150 150 140 118
1560004918.5360102653503 118 118 118 112 111
1560004918.5693438053131 150 150 150 143 124
1560004918.6026771068573 124 124 124 117 96
1560004918.6360104084015 96 96 96 89 84
1560004918.6693437099457 150 150 150 145 128
1560004918.7026772499084 128 128 128 120 117
1560004918.7360107898712 117 117 117 114 107
1560004918.8026773929596 150 150 150 122 99
1560004918.8360106945038 99 99 99 97 90
1560004918.8693442344666 150 150 150 139 121
1560004918.9026777744293 121 121 121 111 91
1560004918.9360110759735 91 91 91 86 81
1560004918.9693443775177 150 149 149 143 122
1560004919.0026831626892 122 122 122 118 103
1560004919.0360167026520 103 103 103 97 94
1560004919.0693500041962 150 150 150 140 118
1560004919.1026833057404 118 118 118 109 104
1560004919.1360168457031 104 104 104 95 89
1560004919.2026836872101 150 150 150 132 103
1560004919.2360169887543 103 103 103 93 85
1560004919.3026838302612 150 150 150 126 92
1560004919.3360171318054 92 92 92 83 82
1560004919.3693506717682 150 150 150 142 119
1560004919.4026837348938 119 119 119 116 101
1560004919.4360172748566 101 101 101 95 94
1560004919.4693508148193 150 150 150 143 127
1560004919.5025939941406 127 127 127 118 111
1560004919.5359272956848 111 111 111 102 99
1560004919.5692608356476 150 150 150 137 108
1560004919.6025941371918 108 108 108 103 100
1560004919.6359274387360 100 100 100 97 96
1560004919.7025942802429 150 150 150 130 107
1560004919.7359278202057 107 107 107 99 90
1560004919.7692611217499 150 150 150 144 125
1560004919.8025944232941 125 125 125 117 114
1560004919.8359279632568 114 114 114 109 101
1560004919.8692612648010 150 150 150 140 126
1560004919.9025948047638 126 126 126 114 110
1560004919.9359281063080 110 110 110 104 92
1560004920.0026307106018 150 150 150 116 92
1560004920.0359640121460 92 92 92 90 83
1560004920.0692973136902 150 150 150 139 118
1560004920.1026308536530 118 118 118 113 109
1560004920.1359643936157 109 109 109 102 100
1560004920.1692976951599 150 150 150 138 112
1560004920.2026309967041 112 112 112 105 101
1560004920.2359642982483 101 101 101 94 91
1560004920.2692978382111 150 150 150 139 104
1560004920.3026311397552 104 104 104 99 96
1560004920.3359646797180 96 96 96 89 86
1560004920.3692979812622 150 150 150 145 130
1560004920.4026312828064 130 130 130 129 119
1560004920.4359648227692 119 119 119 112 106
1560004920.4692981243134 150 149 149 144 119
1560004920.5026912689209 119 119 119 114 108
1560004920.5360243320465 108 108 108 103 102
1560004920.6026914119720 150 149 149 136 118
1560004920.6360247135162 118 118 118 112 109
1560004920.7026913166046 150 150 150 135 118
1560004920.7360248565674 118 118 118 112 112
1560004920.7693583965302 150 150 150 143 127
1560004920.8026916980743 127 127 127 122 122
1560004920.8360252380371 122 122 122 114 111
1560004920.9026918411255 150 150 150 116 95
1560004920.9360251426697 95 95 95 88 87
1560004920.9693586826324 136 136 136 127 99
1560004921.0025300979614 99 99 99 93 83
1560004921.0358633995056 83 83 83 78 76
1560004921.0691967010498 135 135 135 127 110
1560004921.1025302410126 110 110 110 107 104
1560004921.1358635425568 104 104 104 103 100
1560004921.1691970825195 150 150 150 147 130
1560004921.2025303840637 130 130 130 122 110
1560004921.2358636856079 110 110 110 106 105
1560004921.2691972255707 150 150 150 138 111
1560004921.3358640670776 111 111 111 99 90
1560004921.3691973686218 138 138 138 129 111
1560004921.4025306701660 111 111 111 108 105
1560004921.4358642101288 105 105 105 101 100
1560004921.4691975116730 136 136 136 126 115
1560004921.5024964809418 115 114 114 108 96
1560004921.5358297824860 96 96 96 92 87
1560004921.6024966239929 139 139 139 118 103
1560004921.6358301639557 103 103 103 97 96
1560004921.6691634654999 139 139 139 129 103
1560004921.7024967670441 103 103 103 96 90
1560004921.7358303070068 90 90 90 85 85
1560004921.7691636085510 146 146 146 138 130
1560004921.8024971485138 130 130 130 122 116
1560004921.8358304500580 116 116 116 111 101
1560004921.9024972915649 142 142 142 129 106
1560004921.9358305931091 106 106 106 102 100
1560004922.0025031566620 139 139 139 111 91
1560004922.0358364582062 91 91 91 89 84
1560004922.0691699981689 133 133 133 126 110
1560004922.1025032997131 110 110 110 102 97
1560004922.1358366012573 97 97 97 92 89
1560004922.1691701412201 141 141 141 138 121
1560004922.2025034427643 121 121 121 113 109
1560004922.2358369827271 109 109 109 98 90
1560004922.3025035858154 132 132 132 116 91
1560004922.3358371257782 91 91 91 89 87
1560004922.3691704273224 127 127 127 118 96
1560004922.4025039672852 96 96 96 91 84
1560004922.4358375072479 84 84 84 78 77
1560004922.4691705703735 123 123 123 117 102
1560004922.5024869441986 102 102 102 98 88
1560004922.5358204841614 88 88 88 83 82
1560004922.5691537857056 125 125 125 115 99
1560004922.6024873256683 99 99 99 93 88
1560004922.6358208656311 88 88 88 80 73
1560004922.6691541671753 121 121 121 116 101
1560004922.7024874687195 101 101 101 96 84
1560004922.7358207702637 84 83 83 76 73
1560004922.7691543102264 120 120 120 118 96
1560004922.8024878501892 96 96 96 90 82
1560004922.8358211517334 82 82 82 78 73
1560004922.8691544532776 125 124 124 120 100
1560004922.9024877548218 100 99 99 91 80
1560004922.9358212947845 80 80 80 76 74
1560004922.9691548347473 129 129 129 119 89
1560004923.0024688243866 89 89 89 83 77
1560004923.0358023643494 77 77 77 73 65
1560004923.0691359043121 123 123 123 119 94
1560004923.1024692058563 94 94 94 87 83
1560004923.1358027458191 83 83 83 79 75
1560004923.1691360473633 128 128 128 122 99
1560004923.2024695873260 99 99 99 94 84
1560004923.2358028888702 84 84 84 80 79
1560004923.2691361904144 122 122 122 113 89
1560004923.3024697303772 89 89 89 84 79
1560004923.3358030319214 79 79 79 73 72
1560004923.3691365718842 121 120 120 116 99
1560004923.4024698734283 99 99 99 94 88
1560004923.4358031749725 88 88 88 82 77
1560004923.5024611949921 124 124 124 111 81
1560004923.5357947349548 81 81 81 78 74
1560004923.5691282749176 122 122 122 113 89
1560004923.6024613380432 89 89 89 83 81
1560004923.6357948780060 81 81 81 73 71
1560004923.6691281795502 119 119 118 111 94
1560004923.7024617195129 94 94 94 90 78
1560004923.7357952594757 78 78 78 74 71
1560004923.7691283226013 120 120 120 115 95
1560004923.8024618625641 95 95 95 92 81
1560004923.8357951641083 81 81 81 76 71
1560004923.8691287040710 118 118 118 109 92
1560004923.9024622440338 92 92 92 84 80
1560004923.9357953071594 80 80 80 74 70
1560004923.9691288471222 125 124 124 113 95
1560004924.0024523735046 95 95 95 89 80
1560004924.0357856750488 80 80 80 74 73
1560004924.0691192150116 125 125 125 119 98
1560004924.1024522781372 98 98 98 90 79
1560004924.1357858181000 79 79 79 74 73
1560004924.1691193580627 126 126 126 114 99
1560004924.2024526596069 99 99 99 90 88
1560004924.2357861995697 88 88 88 78 73
1560004924.2691195011139 132 132 132 125 103
1560004924.3024528026581 103 103 103 91 86
1560004924.3357863426208 86 86 86 81 79
1560004924.3691196441650 138 137 137 130 112
1560004924.4024534225464 112 112 112 105 95
1560004924.4357864856720 95 95 95 89 87
1560004924.4691200256348 133 133 133 121 100
1560004924.5023815631866 100 100 100 93 88
1560004924.5357151031494 88 88 88 84 82
1560004924.5690486431122 132 132 132 119 99
1560004924.6023819446564 99 98 98 89 80
1560004924.6357152462006 80 80 80 75 70
1560004924.6690485477448 144 144 144 137 119
1560004924.7023820877075 119 119 119 110 107
1560004924.7357153892517 107 107 107 105 99
1560004924.7690489292145 139 139 139 136 120
1560004924.8023822307587 120 120 120 116 113
1560004924.8357155323029 113 113 113 102 99
1560004924.8690490722656 138 138 138 133 123
1560004924.9023823738098 123 123 123 120 109
1560004924.9357159137726 109 109 109 104 100
1560004925.0024170875549 140 140 139 120 92
1560004925.0357503890991 92 92 92 85 84
1560004925.0690836906433 133 133 133 120 106
1560004925.1024172306061 106 106 106 101 98
1560004925.1357505321503 98 98 98 90 89
1560004925.1690840721130 142 142 142 137 122
1560004925.2024173736572 122 122 122 115 114
1560004925.2357506752014 114 114 114 106 100
1560004925.3024175167084 142 142 142 130 103
1560004925.3357510566711 103 103 103 98 97
1560004925.4024176597595 140 140 140 115 100
1560004925.4357511997223 100 100 100 92 85
1560004925.4690845012665 136 136 136 128 120
1560004925.5023536682129 120 120 120 117 117
1560004925.5356869697571 117 117 117 116 111
1560004925.5690205097198 138 138 138 127 110
1560004925.6023538112640 110 110 110 101 96
1560004925.6356873512268 96 96 96 90 89
1560004925.6690204143524 146 146 146 139 120
1560004925.7023539543152 120 120 120 112 104
1560004925.7356874942780 104 104 104 100 95
1560004925.7690207958221 146 146 146 136 128
1560004925.8023543357849 128 128 128 120 116
1560004925.8356873989105 116 116 116 107 98
1560004925.9023544788361 150 150 150 109 82
1560004925.9356877803802 82 82 82 79 78
1560004925.9690213203430 150 150 150 142 129
1560004926.0023460388184 129 129 129 123 115
1560004926.0356791019440 115 115 115 107 99
1560004926.0690126419067 150 150 150 140 124
1560004926.1023461818695 124 124 124 116 115
1560004926.1356794834137 115 115 115 105 103
1560004926.1690130233765 150 148 148 140 127
1560004926.2356796264648 127 127 127 108 96
1560004926.3023464679718 150 150 150 124 101
1560004926.3356800079346 101 101 101 96 95
1560004926.3690130710602 150 150 150 138 120
1560004926.4023466110229 120 120 120 114 102
1560004926.4356801509857 102 102 102 95 94
1560004926.5023562908173 150 149 149 104 85
1560004926.5356895923615 85 85 85 79 78
1560004926.5690231323242 150 149 149 140 124
1560004926.6023564338684 124 124 124 121 118
1560004926.6356899738312 118 118 118 115 111
1560004926.6690232753754 150 149 149 143 127
1560004926.7023565769196 127 127 127 118 113
1560004926.7356898784637 113 113 113 109 97
1560004926.8023569583893 150 149 149 129 111
1560004926.8356902599335 111 111 111 101 95
1560004926.8690237998962 150 150 150 142 123
1560004926.9023568630219 123 123 123 119 116
1560004926.9356904029846 116 116 116 110 102
1560004926.9690239429474 150 150 150 137 119
1560004927.0023629665375 119 119 119 113 107
1560004927.0356962680817 107 107 107 104 103
1560004927.1023633480072 150 150 150 123 104
1560004927.1356966495514 104 104 104 97 97
1560004927.1690299510956 150 150 150 139 126
1560004927.2023632526398 126 126 126 121 119
1560004927.2356967926025 119 119 119 110 108
1560004927.3023638725281 150 150 150 138 117
1560004927.3356971740723 117 117 117 109 101
1560004927.3690304756165 150 150 150 141 135
1560004927.4023640155792 135 135 135 124 121
1560004927.4356975555420 121 121 121 114 113
1560004927.5023415088654 150 150 150 130 115
1560004927.5356750488281 115 115 115 111 111
1560004927.5690083503723 150 150 150 136 131
1560004927.6023418903351 131 131 131 122 119
1560004927.6356749534607 119 119 119 111 108
1560004927.7023420333862 150 150 150 109 94
1560004927.7356753349304 94 94 94 89 87
1560004927.7690088748932 150 150 150 140 129
1560004927.8023419380188 129 129 129 117 113
1560004927.8356754779816 113 113 113 109 104
1560004927.8690090179443 150 150 150 142 132
1560004927.9023423194885 132 132 132 121 118
1560004927.9356760978699 118 118 118 112 110
1560004928.0022380352020 150 150 150 135 125
1560004928.0355713367462 125 125 125 111 109
1560004928.1022381782532 150 150 150 128 118
1560004928.1355714797974 118 118 118 109 105
1560004928.1689050197601 150 150 150 140 131
1560004928.2022383213043 131 131 131 118 109
1560004928.2355718612671 109 109 109 104 103
1560004928.3022384643555 150 150 150 131 109
1560004928.3355720043182 109 109 109 100 90
1560004928.3689053058624 150 150 150 139 125
1560004928.4022388458252 125 125 125 119 118
1560004928.4355719089508 118 118 118 112 112
1560004928.5022208690643 150 150 150 128 123
1560004928.5355544090271 123 123 123 114 110
1560004928.6022212505341 150 150 150 124 118
1560004928.6355545520782 118 118 118 111 109
1560004928.6688880920410 150 150 150 116 113
1560004928.7022216320038 113 113 113 106 105
1560004928.7355549335480 105 105 105 100 95
1560004928.8022217750549 150 150 150 125 114
1560004928.8355550765991 114 114 114 107 104
1560004928.8688886165619 150 150 150 139 129
1560004928.9022219181061 129 129 129 123 122
1560004928.9355554580688 122 122 122 114 114
1560004928.9688887596130 150 150 150 139 130
1560004929.0021760463715 130 130 130 118 115
1560004929.0355095863342 115 115 115 109 104
1560004929.1021761894226 150 150 150 131 117
1560004929.1355094909668 117 117 117 112 112
1560004929.1688430309296 150 150 150 139 125
1560004929.2021765708923 125 125 125 114 109
1560004929.2355098724365 109 109 109 99 91
1560004929.3021764755249 150 149 149 139 117
1560004929.3355100154877 117 117 117 109 108
1560004929.3688435554504 150 150 150 141 131
1560004929.4021768569946 131 131 131 121 115
1560004929.4355101585388 115 115 115 107 105
1560004929.4688434600830 150 150 150 144 128
1560004929.5022239685059 128 128 128 120 116
1560004929.5355572700500 116 116 116 100 98
1560004929.6022241115570 150 150 150 131 112
1560004929.6355576515198 112 112 112 104 102
1560004929.7022242546082 150 150 150 133 115
1560004929.7355575561523 115 115 115 102 93
1560004929.7688910961151 150 150 149 134 125
1560004929.8022243976593 125 125 125 117 115
1560004929.8355579376221 115 115 115 107 105
1560004929.8688912391663 150 150 150 134 115
1560004929.9022245407104 115 115 115 102 98
1560004929.9355580806732 98 98 98 90 88
1560004929.9688913822174 150 150 150 140 131
1560004930.0021567344666 131 131 131 120 104
1560004930.0354902744293 104 104 104 92 92
1560004930.0688235759735 150 150 150 134 120
1560004930.1354901790619 120 120 120 105 92
1560004930.1688237190247 150 149 149 111 96
1560004930.2021572589874 96 96 96 91 85
1560004930.2354905605316 85 85 85 80 80
1560004930.2688238620758 150 150 150 133 122
1560004930.3021571636200 122 122 122 112 102
1560004930.3354907035828 102 102 102 89 85
1560004930.3688242435455 150 150 150 141 123
1560004930.4021575450897 123 123 123 112 111
1560004930.4354910850525 111 111 111 105 104
1560004930.5021731853485 150 150 150 132 110
1560004930.5355062484741 110 110 110 100 98
1560004930.6021730899811 150 150 150 136 113
1560004930.6355066299438 113 113 113 103 94
1560004930.6688401699066 150 150 150 139 127
1560004930.7021732330322 127 127 127 121 118
1560004930.7355067729950 118 118 118 112 101
1560004930.7688400745392 150 150 150 140 121
1560004930.8021736145020 121 121 121 113 108
1560004930.8355071544647 108 108 108 104 100
1560004930.9021739959717 150 150 150 130 106
1560004930.9355070590973 106 106 106 101 100
1560004930.9688408374786 150 150 150 143 134
1560004931.0354778766632 134 134 134 117 105
1560004931.0688111782074 150 150 150 140 122
1560004931.1021444797516 122 122 122 112 106
1560004931.1354780197144 106 106 106 100 98
1560004931.2021448612213 150 150 150 129 116
1560004931.2354781627655 116 116 116 109 107
1560004931.2688114643097 150 150 150 144 134
1560004931.3021450042725 134 134 134 123 112
1560004931.3354783058167 112 112 112 104 101
1560004931.4021451473236 150 150 150 134 120
1560004931.4354784488678 120 120 120 112 112
1560004931.4688119888306 150 150 150 149 135
1560004931.5021452903748 135 135 135 129 120
1560004931.5354077816010 120 120 120 112 110
1560004931.6020743846893 150 150 150 126 100
1560004931.6354079246521 100 100 100 96 94
1560004931.6687414646149 150 150 150 142 128
1560004931.7020747661591 128 128 128 121 115
1560004931.7354083061218 115 115 115 110 108
1560004931.7687413692474 150 150 150 140 122
1560004931.8354084491730 122 122 122 109 102
1560004931.9020752906799 150 150 150 133 103
1560004931.9354083538055 103 103 103 98 94
1560004931.9687418937683 150 150 150 147 123
1560004932.0020754337311 123 123 123 109 108
1560004932.0353925228119 108 108 108 103 99
1560004932.1020593643188 150 150 150 137 112
1560004932.1353929042816 112 112 112 106 101
1560004932.2020595073700 150 150 150 133 110
1560004932.2353928089142 110 110 110 101 101
1560004932.2687263488770 150 150 150 144 127
1560004932.3020598888397 127 127 127 120 110
1560004932.3353929519653 110 110 110 101 97
1560004932.3687264919281 150 150 150 143 125
1560004932.4020597934723 125 125 125 115 107
1560004932.4353933334351 107 107 107 98 95
1560004932.5020601749420 150 150 150 132 107
1560004932.5354051589966 107 107 107 95 95
1560004932.5687384605408 150 150 150 121 100
1560004932.6020720005035 100 100 100 91 89
1560004932.6354055404663 89 89 89 84 82
1560004932.7020723819733 150 150 150 128 110
1560004932.7354054450989 110 110 110 102 91
1560004932.7687389850616 150 150 150 138 130
1560004932.8020725250244 130 130 130 118 111
1560004932.8354058265686 111 111 111 105 103
1560004932.8687393665314 150 150 150 143 131
1560004932.9020724296570 131 131 131 123 121
1560004932.9354059696198 121 121 121 114 103
1560004932.9687395095825 150 150 150 109 95
1560004933.0020728111267 95 95 95 89 87
1560004933.0353522300720 87 87 87 85 85
1560004933.0686857700348 150 150 150 139 125
1560004933.1020190715790 125 125 125 118 114
1560004933.1353526115417 114 114 114 110 105
1560004933.2020192146301 150 150 150 138 118
1560004933.2353527545929 118 118 118 115 113
1560004933.3020195960999 150 150 150 134 114
1560004933.3353528976440 114 114 114 108 105
1560004933.3686861991882 150 150 150 141 125
1560004933.4020197391510 125 125 125 118 114
1560004933.4353530406952 114 114 114 102 102
1560004933.4686865806580 150 150 150 141 123
1560004933.5020198822021 123 123 123 117 100
1560004933.5353996753693 100 100 100 97 97
1560004933.5687332153320 150 150 150 143 131
1560004933.6020665168762 131 131 131 123 117
1560004933.6353998184204 117 117 117 109 99
1560004933.7020666599274 150 150 150 124 97
1560004933.7354001998901 97 97 97 88 85
1560004933.8020668029785 150 150 150 131 110
1560004933.8354001045227 110 110 110 102 98
1560004933.8687336444855 150 150 150 146 135
1560004933.9020671844482 135 135 135 129 122
1560004933.9354004859924 122 122 122 118 113
1560004934.0020670890808 150 150 150 126 107
1560004934.0353868007660 107 107 107 100 96
1560004934.0687198638916 150 150 150 144 123
1560004934.1020534038544 123 123 123 113 106
1560004934.1353869438171 106 106 106 98 92
1560004934.1687202453613 150 150 150 139 113
1560004934.2020537853241 113 113 113 103 101
1560004934.2353868484497 101 101 101 95 93
1560004934.2687203884125 150 150 150 114 93
1560004934.3020539283752 93 93 93 87 80
1560004934.3353872299194 80 80 80 73 72
1560004934.4020540714264 150 150 150 127 97
1560004934.4353873729706 97 97 97 92 88
1560004934.4687206745148 150 150 150 143 125
1560004934.5020542144775 125 125 125 113 110
1560004934.5353167057037 110 110 110 103 98
1560004934.5686500072479 150 150 150 141 115
1560004934.6353166103363 115 115 115 102 87
1560004934.7019836902618 150 150 150 130 104
1560004934.7353169918060 104 104 104 99 93
1560004934.7686502933502 150 150 150 134 109
1560004934.8019835948944 109 109 109 100 93
1560004934.8353171348572 93 93 93 86 80
1560004934.8686506748199 150 150 150 141 122
1560004934.9019839763641 122 122 122 118 112
1560004934.9353172779083 112 112 112 105 95
1560004934.9686505794525 150 149 149 143 115
1560004935.0019843578339 115 115 115 103 100
1560004935.0353367328644 100 100 100 94 88
1560004935.1020035743713 150 150 150 126 99
1560004935.1353368759155 99 99 99 90 82
1560004935.1686704158783 150 150 150 140 122
1560004935.2020037174225 122 122 122 114 106
1560004935.2353372573853 106 106 106 98 87
1560004935.2686705589294 150 150 150 138 125
1560004935.3020038604736 125 125 125 116 107
1560004935.3353374004364 107 107 107 102 97
1560004935.3686707019806 150 150 150 144 125
1560004935.4020042419434 125 125 125 119 104
1560004935.4353373050690 104 104 104 95 88
1560004935.5020043849945 150 149 149 129 88
1560004935.5352928638458 88 88 88 83 82
1560004935.5686261653900 150 149 149 141 126
1560004935.6019597053528 126 126 126 118 115
1560004935.6352930068970 115 115 115 109 101
1560004935.6686265468597 150 150 150 142 130
1560004935.7019598484039 130 130 130 119 114
1560004935.7352931499481 114 114 114 105 97
1560004935.8019599914551 150 150 150 137 113
1560004935.8352935314178 113 113 113 105 99
1560004935.9019601345062 150 150 150 137 122
1560004935.9352936744690 122 122 122 116 115
1560004935.9686269760132 150 150 150 142 129
1560004936.0019605159760 129 129 129 123 109
1560004936.0352523326874 109 109 109 105 103
1560004936.0685858726501 150 150 150 146 127
1560004936.1019194126129 127 127 127 119 115
1560004936.1352527141571 115 115 115 105 95
1560004936.2019193172455 150 150 150 143 122
1560004936.2352528572083 122 122 122 115 115
1560004936.2685863971710 150 150 150 141 129
1560004936.3019196987152 129 129 129 120 108
1560004936.3352532386780 108 108 108 102 101
1560004936.3685865402222 150 150 150 146 140
1560004936.4019198417664 140 140 140 131 121
1560004936.4352533817291 121 121 121 117 110
1560004936.5019202232361 150 150 150 138 128
1560004936.5352170467377 128 128 128 122 116
1560004936.5685505867004 150 150 150 142 131
1560004936.6352174282074 131 131 131 115 107
1560004936.6685504913330 150 150 150 142 137
1560004936.7018842697144 137 137 137 131 120
1560004936.7352178096771 120 120 120 113 100
1560004936.8018844127655 150 150 150 141 114
1560004936.8352177143097 114 114 114 102 101
1560004936.8685512542725 150 150 150 142 127
1560004936.9018847942352 127 127 127 119 116
1560004936.9352180957794 116 116 116 112 107
1560004936.9685513973236 150 150 150 142 136
1560004937.0018846988678 136 136 136 134 127
1560004937.0352449417114 127 127 127 118 111
1560004937.1019117832184 150 150 150 134 125
1560004937.1352450847626 125 125 125 113 103
1560004937.1685786247253 150 150 150 141 131
1560004937.2019119262695 131 131 131 125 122
1560004937.2352454662323 122 122 122 116 112
1560004937.3019120693207 150 150 150 139 119
1560004937.3352456092834 119 119 119 114 109
1560004937.3685789108276 150 150 150 143 135
1560004937.4019124507904 135 135 135 125 106
1560004937.4352455139160 106 106 106 96 95
1560004937.4685790538788 150 150 150 141 132
1560004937.5019125938416 132 132 132 126 118
1560004937.5352175235748 118 118 118 115 111
1560004937.6018843650818 150 150 150 140 120
1560004937.6352176666260 120 120 120 116 113
1560004937.6685509681702 150 150 150 145 137
1560004937.7352180480957 137 137 137 123 110
1560004937.7685513496399 150 150 150 144 129
1560004937.8018846511841 129 129 129 118 112
1560004937.8352179527283 112 112 112 105 104
1560004937.9018850326538 150 150 150 135 106
1560004937.9352183341980 106 106 106 96 92
1560004938.0018849372864 150 150 150 138 123
1560004938.0352287292480 123 123 123 115 108
1560004938.0685622692108 150 150 150 141 125
1560004938.1018958091736 125 125 125 121 112
1560004938.1352291107178 112 112 112 104 102
1560004938.1685624122620 150 150 150 141 130
1560004938.2018957138062 130 130 130 119 113
1560004938.2352292537689 113 113 113 105 102
1560004938.3018960952759 150 150 150 138 113
1560004938.3352293968201 113 113 113 106 103
1560004938.3685626983643 150 150 150 145 134
1560004938.4018962383270 134 134 134 127 106
1560004938.4352295398712 106 106 106 101 98
1560004938.4685630798340 150 150 150 142 139
1560004938.5018963813782 139 139 139 131 121
1560004938.5352008342743 121 121 121 116 108
1560004938.6018676757812 150 150 150 140 122
1560004938.6352012157440 122 122 122 118 115
1560004938.6685345172882 150 150 150 144 140
1560004938.7018678188324 140 140 140 135 134
1560004938.7352011203766 134 134 134 130 129
1560004938.7685346603394 150 150 150 148 146
1560004938.8352015018463 146 146 146 142 140
1560004938.8685350418091 150 150 150 146 142
1560004938.9018683433533 142 142 142 141 141
1560004938.9352018833160 141 141 141 140 140
1560004939.0018687248230 150 150 150 149 149
1560004939.0351874828339 149 149 149 148 148
1560004939.0685207843781 150 150 150 149 148
1560004939.1018543243408 148 148 148 148 147
1560004939.1351873874664 147 147 147 147 147
1560004939.1685209274292 150 150 150 150 147
1560004939.2018542289734 147 147 147 146 146
1560004939.2351877689362 146 146 146 146 146
1560004939.2685213088989 150 150 150 150 148
1560004939.3018546104431 148 148 148 148 148
1560004939.3351879119873 148 148 148 148 148
1560004939.3685212135315 150 150 150 149 146
1560004939.4018547534943 146 146 146 146 143
1560004939.4351882934570 143 143 143 142 142
1560004939.4685215950012 150 150 150 150 150
1560004939.5018548965454 150 150 150 149 148
1560004939.5351312160492 148 148 148 148 148
1560004939.5684645175934 150 150 150 148 147
1560004939.6017978191376 147 147 147 147 147
1560004939.6351313591003 147 147 147 147 146
1560004939.6684646606445 150 150 150 149 149
1560004939.7017982006073 149 149 149 149 148
1560004939.7351315021515 148 148 148 146 145
1560004939.7684648036957 150 150 150 149 147
1560004939.8017983436584 147 147 147 147 147
1560004939.8351316452026 147 147 147 147 145
1560004939.8684651851654 150 150 150 147 145
1560004939.9017984867096 145 145 145 145 145
1560004939.9351317882538 145 145 145 145 145
1560004939.9684653282166 150 150 150 147 147
1560004940.0017986297607 147 147 147 147 147
1560004940.0350582599640 147 147 147 147 147
1560004940.0683917999268 150 150 150 150 149
1560004940.1017251014709 149 149 149 149 148
1560004940.1350586414337 148 148 148 148 148
1560004940.1683921813965 150 150 150 150 150
1560004940.2017252445221 150 150 150 149 148
1560004940.2350587844849 148 148 148 148 148
1560004940.2683920860291 150 150 150 149 148
1560004940.3017256259918 148 148 148 148 147
1560004940.3350591659546 147 147 147 147 146
1560004940.3683922290802 150 150 150 150 149
1560004940.4017257690430 149 149 149 149 149
1560004940.4350590705872 149 149 149 149 149
1560004940.4683928489685 150 150 150 150 149
1560004940.5017259120941 149 149 149 149 149
1560004940.5350923538208 149 149 149 149 148
1560004940.5684258937836 150 150 150 150 148
1560004940.6017589569092 148 148 148 148 147
1560004940.6350924968719 147 147 147 147 145
1560004940.6684257984161 150 150 150 150 147
1560004940.7017593383789 147 147 147 145 144
1560004940.7350928783417 144 144 144 141 137
1560004940.7684259414673 150 150 150 147 139
1560004940.8017594814301 139 139 139 136 132
1560004940.8350927829742 132 132 132 132 131
1560004940.8684263229370 150 150 150 146 145
1560004940.9017598628998 145 145 145 138 131
1560004940.9350929260254 131 131 131 123 117
1560004940.9684264659882 150 150 150 143 119
1560004941.0017597675323 119 119 119 117 114
1560004941.0350918769836 114 114 114 106 98
1560004941.0684251785278 150 150 150 145 130
1560004941.1017584800720 130 130 130 125 108
1560004941.1350920200348 108 108 108 106 101
1560004941.1684253215790 150 150 150 144 125
1560004941.2017588615417 125 125 125 122 111
1560004941.2350924015045 111 111 111 101 96
1560004941.2684254646301 150 150 150 145 125
1560004941.3017590045929 125 125 125 122 100
1560004941.3350923061371 100 100 100 93 92
1560004941.3684258460999 150 150 150 147 126
1560004941.4017593860626 126 126 126 121 118
1560004941.4350924491882 118 118 118 110 104
1560004941.4684259891510 150 150 150 142 137
1560004941.5017592906952 137 137 137 126 112
1560004941.5351011753082 112 112 112 107 103
1560004941.5684344768524 150 150 150 120 112
1560004941.6017677783966 112 112 112 107 105
1560004941.6351013183594 105 105 105 104 104
1560004941.6684350967407 150 150 150 147 136
1560004941.7017683982849 136 136 136 134 133
1560004941.7351016998291 133 133 133 127 122
1560004941.7684350013733 150 150 150 148 139
1560004941.8017685413361 139 139 139 137 135
1560004941.8351020812988 135 135 135 134 129
1560004941.8684353828430 150 150 150 147 143
1560004941.9017686843872 143 143 143 142 141
1560004941.9351019859314 141 141 141 141 141
1560004941.9684355258942 150 150 150 147 145
1560004942.0017690658569 145 145 145 145 145
1560004942.0350677967072 145 145 145 145 145
1560004942.0684013366699 150 150 150 150 149
1560004942.1017346382141 149 149 149 149 149
1560004942.1350681781769 149 149 149 149 148
1560004942.1684014797211 150 150 150 150 149
1560004942.2017347812653 149 149 149 149 148
1560004942.2350683212280 148 148 148 148 147
1560004942.2684016227722 150 150 150 150 147
1560004942.3017351627350 147 147 147 147 147
1560004942.3350684642792 147 147 147 147 147
1560004942.3684017658234 150 150 150 150 149
1560004942.4017350673676 149 149 149 149 149
