1560004885.5706577301025 150 150 150 149 148
1560004885.6039912700653 148 148 148 146 144
1560004885.6373245716095 144 144 144 143 143
1560004885.6706578731537 150 150 150 149 143
1560004885.7039911746979 143 143 143 143 142
1560004885.7373247146606 142 142 142 141 141
1560004885.7706580162048 150 150 150 142 140
1560004885.8039915561676 140 140 140 138 138
1560004885.8373248577118 138 138 138 137 136
1560004885.8706581592560 150 150 150 150 150
1560004885.9039916992188 150 150 150 150 150
1560004885.9372909069061 150 150 150 149 148
1560004885.9706242084503 150 150 150 149 149
1560004886.0039577484131 149 149 149 147 147
1560004886.0372912883759 147 147 147 147 147
1560004886.0706245899200 150 150 150 150 148
1560004886.1039578914642 148 148 148 148 148
1560004886.1372911930084 148 148 148 146 142
1560004886.1706247329712 150 150 150 149 149
1560004886.2039580345154 149 149 149 148 145
1560004886.2372915744781 145 145 145 144 143
1560004886.2706251144409 150 150 150 150 149
1560004886.3039581775665 149 149 149 149 148
1560004886.3372917175293 148 148 148 148 148
1560004886.3706250190735 150 150 150 149 148
1560004886.4039585590363 148 148 148 147 146
1560004886.4372768402100 146 146 146 146 143
1560004886.4706103801727 150 150 150 148 145
1560004886.5039439201355 145 145 145 145 144
1560004886.5372769832611 144 144 144 143 143
1560004886.5706105232239 150 150 150 149 149
1560004886.6039438247681 149 149 149 149 146
1560004886.6372773647308 146 146 146 144 142
1560004886.6706109046936 150 150 150 142 141
1560004886.7039442062378 141 141 141 140 140
1560004886.7372775077820 140 140 140 138 138
1560004886.7706108093262 150 150 150 150 149
1560004886.8039443492889 149 149 149 149 149
1560004886.8372778892517 149 149 149 148 147
1560004886.8706111907959 150 150 150 150 149
1560004886.9039447307587 149 149 149 147 147
1560004886.9372627735138 147 147 147 146 145
1560004886.9705958366394 150 150 150 150 148
1560004887.0039293766022 148 148 148 147 147
1560004887.0372629165649 147 147 147 147 146
1560004887.0705962181091 150 150 150 149 148
1560004887.1039297580719 148 148 148 145 142
1560004887.1372628211975 142 142 142 142 142
1560004887.1705963611603 150 150 150 149 149
1560004887.2039299011230 149 149 149 148 148
1560004887.2372632026672 148 148 148 146 142
1560004887.2705967426300 150 150 150 147 146
1560004887.3039300441742 146 146 146 146 146
1560004887.3372633457184 146 146 146 145 142
1560004887.3705968856812 150 150 150 149 145
1560004887.4039301872253 145 145 145 141 136
1560004887.4372811317444 136 136 136 134 134
1560004887.4706144332886 150 150 150 148 145
1560004887.5039479732513 145 145 145 144 140
1560004887.5372812747955 140 140 140 137 135
1560004887.5706148147583 150 150 150 133 130
1560004887.6039483547211 130 130 130 124 119
1560004887.6372814178467 119 119 119 114 114
1560004887.6706149578094 150 150 150 147 143
1560004887.7039482593536 143 143 143 138 132
1560004887.7372817993164 132 132 132 129 128
1560004887.7706153392792 150 150 150 145 138
1560004887.8039484024048 138 138 138 128 126
1560004887.8372819423676 126 126 126 123 122
1560004887.8706152439117 150 150 150 143 135
1560004887.9039487838745 135 135 135 127 120
1560004887.9373202323914 120 120 120 115 114
1560004887.9706532955170 150 150 150 146 129
1560004888.0039870738983 129 129 129 118 116
1560004888.0373203754425 116 116 116 114 113
1560004888.0706539154053 150 150 150 130 122
1560004888.1039872169495 122 122 122 117 113
1560004888.1373205184937 113 113 113 107 106
1560004888.1706540584564 150 150 150 142 136
1560004888.2039873600006 136 136 136 128 124
1560004888.2373208999634 124 124 124 113 108
1560004888.2706542015076 150 150 150 119 113
1560004888.3039875030518 113 113 113 108 104
1560004888.3373210430145 104 104 104 94 92
1560004888.3706543445587 150 150 150 146 132
1560004888.4039878845215 132 132 132 125 122
1560004888.4373238086700 122 122 122 119 118
1560004888.4706571102142 150 150 150 142 131
1560004888.5039904117584 131 131 131 128 127
1560004888.5373239517212 127 127 127 123 121
1560004888.5706572532654 150 150 150 127 120
1560004888.6039907932281 120 120 120 112 102
1560004888.6373238563538 102 102 102 102 100
1560004888.6706573963165 150 150 150 148 142
1560004888.7039909362793 142 142 142 142 139
1560004888.7373242378235 139 139 139 133 129
1560004888.7706577777863 150 150 150 146 141
1560004888.8039910793304 141 141 141 139 136
1560004888.8373243808746 136 136 136 129 129
1560004888.8706579208374 150 150 150 149 143
1560004888.9039912223816 143 143 143 141 136
1560004888.9372551441193 136 136 136 131 131
1560004888.9705886840820 150 150 150 147 140
1560004889.0039219856262 140 140 140 138 132
1560004889.0372552871704 132 132 132 131 130
1560004889.0705885887146 150 150 150 148 145
1560004889.1039221286774 145 145 145 145 144
1560004889.1372556686401 144 144 144 142 141
1560004889.1705889701843 150 150 150 146 144
1560004889.2039222717285 144 144 144 141 140
1560004889.2372555732727 140 140 140 138 137
1560004889.2705891132355 150 150 150 148 147
1560004889.3039224147797 147 147 147 143 140
1560004889.3372559547424 140 140 140 140 139
1560004889.3705892562866 150 150 150 150 147
1560004889.4039225578308 147 147 147 143 143
1560004889.4371440410614 143 143 143 140 139
1560004889.4704775810242 150 150 150 148 143
1560004889.5038111209869 143 143 143 141 134
1560004889.5371441841125 134 134 134 133 126
1560004889.5704777240753 150 150 150 149 140
1560004889.6038110256195 140 140 140 136 134
1560004889.6371445655823 134 134 134 131 129
1560004889.6704781055450 150 150 150 148 140
1560004889.7038111686707 140 140 140 135 131
1560004889.7371447086334 131 131 131 128 123
1560004889.7704780101776 150 150 150 150 144
1560004889.8038115501404 144 144 144 140 135
1560004889.8371450901031 135 135 135 133 131
1560004889.8704781532288 150 150 150 146 141
1560004889.9038116931915 141 141 141 140 139
1560004889.9372119903564 139 139 139 134 132
1560004889.9705452919006 150 150 150 145 137
1560004890.0038785934448 137 137 137 132 131
1560004890.0372121334076 131 131 131 124 121
1560004890.0705454349518 150 150 150 144 134
1560004890.1038789749146 134 134 134 122 121
1560004890.1372125148773 121 121 121 116 114
1560004890.1705455780029 150 150 150 140 127
1560004890.2038791179657 127 127 127 112 110
1560004890.2372124195099 110 110 110 108 108
1560004890.2705459594727 150 150 150 143 137
1560004890.3038794994354 137 137 137 126 124
1560004890.3372125625610 124 124 124 118 113
1560004890.3705461025238 150 150 150 141 131
1560004890.4038794040680 131 131 131 123 123
1560004890.4371182918549 123 123 123 114 111
1560004890.4704518318176 150 150 150 143 135
1560004890.5037851333618 135 135 135 128 126
1560004890.5371186733246 126 126 126 123 113
1560004890.5704519748688 150 150 150 143 138
1560004890.6037855148315 138 138 138 124 118
1560004890.6371188163757 118 118 118 113 109
1560004890.6704521179199 150 150 150 139 135
1560004890.7037856578827 135 135 135 123 121
1560004890.7371189594269 121 121 121 116 112
1560004890.7704524993896 150 150 150 135 126
1560004890.8037858009338 126 126 126 117 115
1560004890.8371191024780 115 115 115 110 110
1560004890.8704526424408 150 150 150 139 132
1560004890.9037859439850 132 132 132 125 118
1560004890.9370939731598 118 118 118 110 109
1560004890.9704275131226 150 150 150 141 132
1560004891.0037608146667 132 132 132 123 115
1560004891.0370943546295 115 115 115 105 105
1560004891.0704276561737 150 150 150 144 136
1560004891.1037609577179 136 136 136 125 123
1560004891.1370944976807 123 123 123 110 108
1560004891.1704277992249 150 150 150 141 137
1560004891.2037613391876 137 137 137 128 124
1560004891.2370946407318 124 124 124 111 109
1560004891.2704279422760 150 150 150 143 135
1560004891.3037614822388 135 135 135 120 118
1560004891.3370947837830 118 118 118 100 99
1560004891.3704283237457 150 150 150 144 136
1560004891.4037616252899 136 136 136 125 114
1560004891.4370636940002 114 114 114 105 99
1560004891.4703969955444 150 150 150 118 110
1560004891.5037305355072 110 110 110 102 100
1560004891.5370638370514 100 100 100 93 93
1560004891.5703971385956 150 150 150 143 134
1560004891.6037306785583 134 134 134 128 122
1560004891.6370639801025 122 122 122 117 115
1560004891.6703975200653 150 150 150 144 134
1560004891.7037308216095 134 134 134 128 126
1560004891.7370641231537 126 126 126 118 118
1560004891.7703976631165 150 150 150 141 134
1560004891.8037309646606 134 134 134 125 121
1560004891.8370645046234 121 121 121 112 110
1560004891.8703978061676 150 150 150 143 137
1560004891.9037311077118 137 137 137 122 121
1560004891.9370429515839 121 121 121 113 108
1560004891.9703764915466 150 150 150 138 132
1560004892.0037097930908 132 132 132 125 118
1560004892.0370430946350 118 118 118 108 107
1560004892.0703766345978 150 150 150 140 129
1560004892.1037099361420 129 129 129 120 114
1560004892.1370434761047 114 114 114 111 107
1560004892.1703767776489 150 150 150 146 137
1560004892.2037103176117 137 137 137 131 128
1560004892.2370436191559 128 128 128 117 110
1560004892.2703769207001 150 150 150 140 132
1560004892.3037104606628 132 132 132 124 115
1560004892.3370437622070 115 115 115 108 105
1560004892.3703773021698 150 150 150 144 137
1560004892.4037106037140 137 137 137 127 122
1560004892.4370305538177 122 122 122 113 104
1560004892.4703640937805 150 150 150 143 124
1560004892.5036971569061 124 124 124 115 113
1560004892.5370306968689 113 113 113 109 108
1560004892.5703642368317 150 150 150 136 123
1560004892.6036975383759 123 123 123 114 111
1560004892.6370310783386 111 111 111 106 105
1560004892.6703641414642 150 150 150 143 136
1560004892.7036976814270 136 136 136 126 123
1560004892.7370312213898 123 123 123 119 114
1560004892.7703645229340 150 150 150 141 128
1560004892.8036980628967 128 128 128 115 111
1560004892.8370313644409 111 111 111 106 102
1560004892.8703646659851 150 150 150 144 131
1560004892.9036982059479 131 131 131 124 122
1560004892.9370527267456 122 122 122 116 114
1560004892.9703862667084 150 150 150 140 133
1560004893.0037195682526 133 133 133 126 120
1560004893.0370528697968 120 120 120 111 107
1560004893.0703861713409 150 150 150 140 127
1560004893.1037197113037 127 127 127 122 116
1560004893.1370532512665 116 116 116 106 104
1560004893.1703865528107 150 150 150 138 128
1560004893.2037198543549 128 128 128 119 114
1560004893.2370531558990 114 114 114 108 104
1560004893.2703866958618 150 150 150 142 132
1560004893.3037202358246 132 132 132 129 125
1560004893.3370535373688 125 125 125 114 111
1560004893.3703870773315 150 149 149 142 133
1560004893.4037201404572 133 133 133 123 119
1560004893.4370391368866 119 119 119 109 108
1560004893.4703726768494 150 150 150 131 117
1560004893.5037059783936 117 117 117 112 108
1560004893.5370392799377 108 108 108 99 94
1560004893.5703728199005 150 150 150 137 121
1560004893.6037061214447 121 121 121 113 102
1560004893.6370396614075 102 102 102 97 97
1560004893.6703727245331 150 150 150 140 122
1560004893.7037062644958 122 122 122 113 107
1560004893.7370398044586 107 107 107 100 99
1560004893.7703731060028 150 150 150 133 116
1560004893.8037066459656 116 116 116 102 97
1560004893.8370397090912 97 97 97 88 85
1560004893.8703732490540 150 150 150 142 124
1560004893.9037067890167 124 124 124 113 110
1560004893.9370808601379 110 110 110 97 97
1560004893.9704144001007 150 150 150 134 116
1560004894.0037477016449 116 116 116 108 101
1560004894.0370810031891 101 101 101 97 94
1560004894.0704145431519 150 150 150 134 112
1560004894.1037478446960 112 112 112 101 93
1560004894.1370813846588 93 93 93 87 86
1560004894.1704146862030 150 150 150 138 125
1560004894.2037479877472 125 125 125 115 103
1560004894.2370815277100 103 103 103 92 90
1560004894.2704148292542 150 150 150 141 120
1560004894.3037483692169 120 120 120 112 107
1560004894.3370816707611 107 107 107 95 91
1560004894.3704149723053 150 150 150 142 125
1560004894.4037485122681 125 125 125 106 97
1560004894.4369564056396 97 97 97 85 84
1560004894.4702899456024 150 150 150 134 116
1560004894.5036230087280 116 116 116 107 100
1560004894.5369567871094 100 100 100 93 92
1560004894.5702903270721 150 149 149 140 122
1560004894.6036236286163 122 122 122 111 107
1560004894.6369569301605 107 107 107 99 92
1560004894.6702902317047 150 150 150 115 105
1560004894.7036237716675 105 105 105 95 89
1560004894.7369573116302 89 89 89 85 81
1560004894.7702906131744 150 149 149 131 113
1560004894.8036239147186 113 113 113 103 94
1560004894.8369572162628 94 94 94 87 87
1560004894.8702907562256 150 150 150 134 119
1560004894.9036242961884 119 119 119 111 102
1560004894.9369218349457 102 102 102 93 92
1560004894.9702553749084 150 150 150 138 116
1560004895.0035886764526 116 116 116 110 103
1560004895.0369222164154 103 103 103 96 94
1560004895.0702552795410 150 150 150 136 122
1560004895.1035888195038 122 122 122 116 104
1560004895.1369223594666 104 104 104 98 97
1560004895.1702556610107 150 150 150 137 118
1560004895.2035892009735 118 118 118 108 98
1560004895.2369222640991 98 98 98 95 92
1560004895.2702558040619 150 150 150 141 128
1560004895.3035893440247 128 128 128 119 116
1560004895.3369226455688 116 116 116 110 106
1560004895.3702561855316 150 150 150 139 124
1560004895.4035892486572 124 124 124 107 104
1560004895.4369227886200 104 104 104 97 93
1560004895.4702801704407 150 150 150 145 135
1560004895.5036137104034 135 135 135 124 111
1560004895.5369472503662 111 111 111 102 99
1560004895.5702805519104 150 150 150 137 120
1560004895.6036140918732 120 120 120 115 105
1560004895.6369471549988 105 105 105 97 94
1560004895.6702806949615 150 150 150 145 123
1560004895.7036142349243 123 123 123 113 111
1560004895.7369475364685 111 111 111 106 106
1560004895.7702810764313 150 150 150 141 123
1560004895.8036141395569 123 123 123 119 112
1560004895.8369476795197 112 112 112 106 101
1560004895.8702812194824 150 150 150 142 133
1560004895.9036145210266 133 133 133 119 116
1560004895.9369480609894 116 116 116 109 104
1560004895.9702522754669 150 150 150 145 134
1560004896.0035853385925 134 134 134 126 121
1560004896.0369188785553 121 121 121 115 111
1560004896.0702521800995 150 150 150 141 130
1560004896.1035857200623 130 130 130 123 114
1560004896.1369192600250 114 114 114 111 107
1560004896.1702523231506 150 150 150 137 120
1560004896.2035858631134 120 120 120 113 107
1560004896.2369191646576 107 107 107 101 98
1560004896.2702527046204 150 150 150 142 132
1560004896.3035860061646 132 132 132 124 123
1560004896.3369195461273 123 123 123 116 113
1560004896.4035863876343 150 150 150 128 106
1560004896.4369199275970 106 106 106 102 101
1560004896.5036234855652 150 150 150 131 108
1560004896.5369570255280 108 108 108 101 99
1560004896.6036238670349 150 150 150 133 106
1560004896.6702904701233 106 106 106 93 86
1560004896.7036240100861 150 150 150 146 129
1560004896.7702908515930 129 129 129 117 101
1560004896.8036241531372 150 150 150 143 125
1560004896.8369574546814 125 125 125 121 113
1560004896.9036245346069 150 150 150 128 108
1560004896.9701662063599 108 108 108 93 85
1560004897.0368330478668 150 150 150 129 110
1560004897.1034996509552 150 150 150 120 99
1560004897.1368331909180 99 99 99 86 85
1560004897.2035000324249 150 150 150 135 114
1560004897.2368333339691 114 114 114 103 101
1560004897.3035001754761 150 150 150 127 99
1560004897.3701670169830 99 99 99 86 70
1560004897.4035003185272 150 150 150 145 128
1560004897.4701628684998 128 128 128 108 98
1560004897.5368294715881 150 150 150 125 106
1560004897.6034963130951 150 150 150 129 105
1560004897.6368298530579 105 105 105 94 88
1560004897.7034966945648 150 150 150 131 100
1560004897.7368302345276 100 100 100 95 89
1560004897.8034970760345 150 150 150 104 83
1560004897.8368303775787 83 83 83 78 76
1560004897.9034972190857 150 150 150 130 104
1560004897.9368305206299 104 104 104 98 95
1560004898.0034661293030 150 150 150 137 105
1560004898.0367996692657 105 105 105 96 94
1560004898.1367995738983 150 150 150 118 80
1560004898.2034666538239 150 150 150 136 103
1560004898.2367997169495 103 103 103 97 92
1560004898.3034665584564 150 150 150 131 103
1560004898.3701336383820 103 103 103 96 92
1560004898.4034667015076 150 150 150 143 130
1560004898.4368002414703 130 130 130 125 122
1560004898.5034916400909 150 150 150 130 109
1560004898.5368249416351 109 109 109 104 96
1560004898.6034920215607 150 150 150 135 109
1560004898.6701586246490 109 109 109 95 91
1560004898.7368254661560 150 150 150 131 111
1560004898.8034920692444 150 150 150 132 105
1560004898.8368256092072 105 105 105 99 96
1560004898.9034924507141 150 150 150 138 114
1560004898.9368259906769 114 114 114 106 106
1560004899.0034930706024 150 150 150 132 109
1560004899.0368266105652 109 109 109 96 84
1560004899.1034934520721 150 150 150 144 110
1560004899.1368269920349 110 110 110 106 98
1560004899.2034935951233 150 150 150 134 98
1560004899.2368268966675 98 98 98 96 89
1560004899.3034939765930 150 150 150 145 106
1560004899.3701605796814 106 106 106 97 90
1560004899.4368274211884 150 150 150 125 91
1560004899.5034513473511 150 150 149 143 111
1560004899.5367848873138 111 111 111 105 95
1560004899.6034517288208 150 150 150 136 105
1560004899.6367850303650 105 105 105 100 91
1560004899.7034516334534 150 150 150 134 100
1560004899.7367851734161 100 100 100 90 81
1560004899.8367853164673 150 150 150 127 84
1560004899.9034521579742 150 150 150 134 108
1560004899.9367856979370 108 108 108 98 92
1560004900.0033917427063 150 150 150 129 98
1560004900.0367252826691 98 98 98 95 90
1560004900.1033921241760 150 150 150 135 109
1560004900.1367254257202 109 109 109 102 95
1560004900.2033922672272 150 150 150 139 109
1560004900.2367255687714 109 109 109 104 99
1560004900.3033924102783 150 150 150 136 107
1560004900.3367257118225 107 107 107 100 96
1560004900.4033925533295 150 150 150 136 105
1560004900.4367260932922 105 105 105 95 93
1560004900.5033838748932 150 150 150 134 105
1560004900.5367171764374 105 105 105 99 96
1560004900.6033840179443 150 150 150 116 86
1560004900.6367175579071 86 86 86 79 73
1560004900.6700508594513 150 150 150 142 119
1560004900.7033841609955 119 119 119 112 101
1560004900.7367177009583 101 101 101 98 94
1560004900.8033845424652 150 150 150 135 105
1560004900.8367178440094 105 105 105 103 97
1560004900.9033846855164 150 150 150 142 111
1560004900.9699807167053 111 111 111 99 92
1560004901.0366475582123 150 150 150 138 104
1560004901.1033141613007 150 150 150 140 109
1560004901.1366477012634 109 109 109 101 97
1560004901.2033145427704 150 150 150 138 109
1560004901.2366476058960 109 109 109 100 98
1560004901.3033146858215 150 150 150 135 107
1560004901.3366479873657 107 107 107 103 95
1560004901.4033145904541 150 150 150 134 110
1560004901.4366481304169 110 110 110 101 98
1560004901.5033366680145 150 150 150 134 109
1560004901.5366702079773 109 109 109 101 99
1560004901.6033368110657 150 150 150 128 100
1560004901.6366703510284 100 100 100 93 90
1560004901.7033371925354 150 150 150 133 102
1560004901.7366704940796 102 102 102 98 97
1560004901.8033373355865 150 150 150 133 110
1560004901.8366706371307 110 110 110 102 102
1560004901.9033374786377 150 150 150 120 101
1560004901.9366707801819 101 101 101 98 93
1560004902.0033762454987 150 150 150 132 109
1560004902.0367097854614 109 109 109 100 98
1560004902.1033763885498 150 150 150 129 103
1560004902.1367099285126 103 103 103 100 100
1560004902.2033767700195 150 150 150 134 116
1560004902.2367103099823 116 116 116 103 102
1560004902.3033769130707 150 150 150 132 122
1560004902.3700437545776 122 122 122 110 96
1560004902.4033772945404 150 150 150 145 126
1560004902.4699652194977 126 126 126 119 109
1560004902.5032987594604 150 150 150 141 134
1560004902.5366322994232 134 134 134 126 124
1560004902.6032991409302 150 150 150 130 120
1560004902.6366324424744 120 120 120 111 104
1560004902.7032990455627 150 150 150 131 114
1560004902.7699661254883 114 114 114 107 103
1560004902.8366327285767 150 150 150 134 119
1560004902.9032995700836 150 150 150 127 113
1560004902.9366331100464 113 113 113 109 109
1560004903.0033857822418 150 150 150 126 114
1560004903.0367193222046 114 114 114 105 102
1560004903.1033861637115 150 150 150 135 120
1560004903.1367197036743 120 120 120 115 115
1560004903.2033865451813 150 150 150 130 115
1560004903.2367196083069 115 115 115 104 100
1560004903.3033866882324 150 150 150 133 117
1560004903.3367199897766 117 117 117 114 114
1560004903.4033868312836 150 150 150 131 114
1560004903.4367201328278 114 114 114 106 104
1560004903.5033345222473 150 150 150 133 122
1560004903.5366678237915 122 122 122 110 110
1560004903.6033344268799 150 150 150 130 115
1560004903.6366679668427 115 115 115 113 111
1560004903.7033348083496 150 150 150 113 102
1560004903.7366681098938 102 102 102 98 94
1560004903.8033349514008 150 150 150 130 118
1560004903.8366684913635 118 118 118 112 111
1560004903.9033350944519 150 150 150 134 116
1560004903.9366683959961 116 116 116 109 109
1560004904.0033001899719 150 150 150 132 116
1560004904.0366337299347 116 116 116 108 105
1560004904.1033005714417 150 150 150 127 111
1560004904.1366338729858 111 111 111 100 93
1560004904.1699671745300 150 150 150 138 124
1560004904.2366340160370 124 124 124 114 108
1560004904.2699675559998 150 150 150 144 125
1560004904.3033008575439 125 125 125 117 113
1560004904.3366341590881 113 113 113 105 104
1560004904.4033010005951 150 150 150 129 109
1560004904.4366345405579 109 109 109 98 95
1560004904.5032293796539 150 150 150 130 109
1560004904.5365626811981 109 109 109 99 99
1560004904.6032295227051 150 150 150 127 109
1560004904.6365630626678 109 109 109 97 97
1560004904.7032296657562 150 150 149 130 116
1560004904.7365632057190 116 116 116 110 106
1560004904.7698965072632 150 150 150 141 130
1560004904.8365635871887 130 130 130 114 107
1560004904.8698966503143 150 150 150 139 123
1560004904.9032301902771 123 123 123 114 108
1560004904.9698479175568 108 108 108 99 96
1560004905.0031812191010 150 150 150 138 124
1560004905.0365147590637 124 124 124 119 117
1560004905.1031813621521 150 150 150 126 119
1560004905.1365149021149 119 119 119 97 96
1560004905.2365148067474 150 150 150 123 107
1560004905.2698483467102 150 150 150 138 133
1560004905.3365151882172 133 133 133 118 111
1560004905.3698487281799 150 150 150 140 136
1560004905.4365153312683 136 136 136 124 112
1560004905.4698097705841 150 150 150 144 137
1560004905.5031433105469 137 137 137 127 124
1560004905.5364766120911 124 124 124 119 109
1560004905.6031436920166 150 150 150 134 115
1560004905.6364767551422 115 115 115 106 99
1560004905.7031438350677 150 150 150 132 120
1560004905.7364773750305 120 120 120 111 110
1560004905.8364775180817 150 150 150 118 106
1560004905.8698108196259 150 150 150 142 134
1560004905.9031443595886 134 134 134 125 111
1560004905.9364778995514 111 111 111 103 101
1560004906.0032925605774 150 150 150 132 116
1560004906.0366258621216 116 116 116 108 106
1560004906.1366262435913 150 150 150 121 98
1560004906.2032930850983 150 150 150 132 118
1560004906.2366261482239 118 118 118 108 107
1560004906.3032929897308 150 150 150 138 110
1560004906.3366265296936 110 110 110 103 99
1560004906.4032931327820 150 150 150 140 120
1560004906.4366266727448 120 120 120 108 105
1560004906.5031511783600 150 150 150 138 121
1560004906.5364847183228 121 121 121 115 114
1560004906.6031513214111 150 150 150 133 119
1560004906.6364846229553 119 119 119 113 103
1560004906.7031517028809 150 150 150 134 109
1560004906.7364847660065 109 109 109 101 99
1560004906.8031516075134 150 150 150 137 118
1560004906.8698186874390 118 118 118 101 92
1560004906.9364852905273 150 150 150 135 114
1560004907.0031554698944 150 150 150 130 116
1560004907.0364887714386 116 116 116 104 99
1560004907.1031558513641 150 150 150 136 116
1560004907.1364889144897 116 116 116 109 103
1560004907.2031557559967 150 150 150 133 113
1560004907.2364892959595 113 113 113 108 107
1560004907.3031558990479 150 150 150 128 114
1560004907.3364894390106 114 114 114 109 107
1560004907.4031562805176 150 150 150 105 95
1560004907.4364898204803 95 95 95 90 89
1560004907.5364580154419 150 150 150 127 99
1560004907.5697915554047 150 150 150 144 131
1560004907.6031248569489 131 131 131 122 117
1560004907.6364581584930 117 117 117 113 105
1560004907.7364585399628 150 150 150 128 116
1560004907.8031251430511 150 150 150 134 122
1560004907.8364584445953 122 122 122 110 106
1560004907.9031255245209 150 150 150 138 125
1560004907.9364588260651 125 125 125 116 114
1560004908.0030989646912 150 150 150 133 115
1560004908.0364320278168 115 115 115 109 109
1560004908.1030991077423 150 150 150 138 117
1560004908.1364324092865 117 117 117 112 111
1560004908.2030990123749 150 150 150 140 116
1560004908.2364325523376 116 116 116 107 107
1560004908.3030993938446 150 150 150 137 122
1560004908.3364329338074 122 122 122 118 117
1560004908.4030995368958 150 150 150 131 113
1560004908.4364330768585 113 113 113 106 102
1560004908.5030941963196 150 150 150 130 115
1560004908.5364274978638 115 115 115 107 106
1560004908.5697610378265 150 150 150 140 126
1560004908.6364276409149 126 126 126 116 106
1560004908.6697611808777 150 150 150 143 127
1560004908.7364280223846 127 127 127 109 104
1560004908.8030946254730 150 150 150 139 123
1560004908.8364281654358 123 123 123 109 109
1560004908.9030950069427 150 150 150 138 119
1560004908.9364283084869 119 119 119 112 107
1560004909.0030579566956 150 150 150 140 120
1560004909.0363912582397 120 120 120 111 108
1560004909.1030580997467 150 150 150 142 117
1560004909.1363916397095 117 117 117 112 112
1560004909.2030582427979 150 150 150 133 115
1560004909.2363915443420 115 115 115 107 101
1560004909.3030586242676 150 150 150 140 128
1560004909.3363919258118 128 128 128 123 120
1560004909.4030585289001 150 150 150 133 115
1560004909.4697062969208 115 115 115 105 99
1560004909.5030398368835 150 150 150 145 133
1560004909.5697064399719 133 133 133 115 100
1560004909.6030397415161 150 150 150 142 127
1560004909.6363732814789 127 127 127 114 104
1560004909.7030401229858 150 150 150 130 114
1560004909.7363734245300 114 114 114 104 103
1560004909.8030402660370 150 150 150 132 104
1560004909.8363735675812 104 104 104 98 87
1560004909.9030404090881 150 150 150 133 109
1560004909.9363737106323 109 109 109 103 99
1560004910.0030088424683 150 150 150 121 105
1560004910.0363423824310 105 105 105 93 87
1560004910.1030089855194 150 150 150 142 123
1560004910.1363422870636 123 123 123 115 111
1560004910.2030093669891 150 150 150 134 111
1560004910.2363424301147 111 111 111 105 102
1560004910.3030092716217 150 150 150 138 122
1560004910.3696763515472 122 122 122 109 105
1560004910.4030094146729 150 150 150 133 128
1560004910.4696528911591 128 128 128 112 93
1560004910.5363194942474 150 150 150 139 117
1560004910.6029863357544 150 150 150 135 117
1560004910.6363196372986 117 117 117 107 102
1560004910.7029864788055 150 150 150 135 113
1560004910.7363197803497 113 113 113 107 102
1560004910.8029866218567 150 150 150 115 97
1560004910.8363201618195 97 97 97 92 82
1560004910.9029867649078 150 150 150 137 118
1560004910.9363203048706 118 118 118 111 105
1560004911.0029580593109 150 150 150 124 108
1560004911.0362915992737 108 108 108 97 93
1560004911.1029582023621 150 150 150 129 107
1560004911.1362917423248 107 107 107 96 95
1560004911.2029585838318 150 150 150 126 104
1560004911.2362918853760 104 104 104 96 94
1560004911.2696251869202 150 150 150 135 117
1560004911.3029587268829 117 117 117 105 104
1560004911.3696255683899 104 104 104 89 83
1560004911.4362921714783 150 150 150 128 107
1560004911.5029554367065 150 150 150 123 104
1560004911.5362884998322 104 104 104 96 94
1560004911.5696220397949 150 150 150 134 122
1560004911.6362888813019 122 122 122 103 95
1560004911.6696224212646 150 150 150 120 108
1560004911.7362890243530 108 108 108 94 80
1560004911.7696225643158 150 150 150 139 125
1560004911.8029558658600 125 125 125 115 113
1560004911.8362894058228 113 113 113 106 99
1560004911.9029560089111 150 150 150 129 106
1560004911.9696354866028 106 106 106 87 82
1560004912.0363023281097 150 150 150 126 107
1560004912.1029689311981 150 150 150 118 90
1560004912.1363024711609 90 90 90 88 86
1560004912.2029693126678 150 150 150 117 94
1560004912.2363028526306 94 94 94 85 82
1560004912.3029694557190 150 150 150 123 104
1560004912.3363027572632 104 104 104 94 88
1560004912.3696362972260 150 150 150 133 111
1560004912.4029700756073 111 111 111 102 93
1560004912.4363031387329 93 93 93 82 80
1560004912.5029523372650 150 150 150 119 107
1560004912.5362856388092 107 107 107 98 93
1560004912.6029527187347 150 150 150 121 95
1560004912.6362857818604 95 95 95 87 83
1560004912.6696193218231 150 150 150 139 128
1560004912.7362861633301 128 128 128 108 89
1560004912.8029527664185 150 150 150 128 109
1560004912.8362863063812 109 109 109 103 99
1560004912.9029531478882 150 150 150 130 106
1560004912.9362866878510 106 106 106 98 96
1560004913.0029404163361 150 150 150 131 114
1560004913.0362737178802 114 114 114 110 102
1560004913.1029403209686 150 150 150 140 120
1560004913.1362738609314 120 120 120 108 107
1560004913.2029407024384 150 150 150 136 121
1560004913.2362742424011 121 121 121 113 111
1560004913.3029408454895 150 150 150 129 119
1560004913.3362741470337 119 119 119 108 105
1560004913.4029412269592 150 150 150 127 103
1560004913.4362745285034 103 103 103 95 92
1560004913.5029428005219 150 150 150 122 102
1560004913.5362763404846 102 102 102 93 88
1560004913.6029431819916 150 150 150 119 104
1560004913.6362764835358 104 104 104 94 92
1560004913.7029435634613 150 150 150 134 112
1560004913.7362768650055 112 112 112 106 105
1560004913.7696104049683 150 150 150 137 124
1560004913.8029437065125 124 124 124 117 112
1560004913.8362770080566 112 112 112 105 104
1560004913.9362773895264 150 150 150 67 51
1560004913.9696106910706 150 150 150 144 128
1560004914.0361871719360 128 128 128 113 105
1560004914.1028540134430 150 150 150 128 106
1560004914.1361875534058 106 106 106 99 98
1560004914.2028541564941 150 150 150 122 112
1560004914.2695209980011 112 112 112 97 91
1560004914.3361880779266 150 150 150 131 102
1560004914.4028546810150 150 150 150 125 110
1560004914.4361879825592 110 110 110 102 97
1560004914.4695215225220 150 150 150 138 128
1560004914.5361263751984 128 128 128 99 87
1560004914.5694596767426 150 150 150 144 124
1560004914.6027932167053 124 124 124 119 113
1560004914.6361265182495 113 113 113 105 98
1560004914.7027931213379 150 150 150 130 111
1560004914.7361266613007 111 111 111 104 103
1560004914.8027935028076 150 150 150 134 107
1560004914.8361270427704 107 107 107 99 93
1560004914.9027936458588 150 150 150 132 107
1560004914.9361271858215 107 107 107 104 99
1560004915.0027949810028 150 150 150 135 106
1560004915.0361285209656 106 106 106 97 95
1560004915.0694615840912 150 150 150 139 124
1560004915.1027951240540 124 124 124 115 109
1560004915.1361286640167 109 109 109 101 99
1560004915.2027955055237 150 150 150 124 95
1560004915.2361285686493 95 95 95 92 86
1560004915.3027956485748 150 150 150 132 104
1560004915.3361289501190 104 104 104 99 92
1560004915.4027955532074 150 150 150 126 105
1560004915.4361293315887 105 105 105 96 93
1560004915.5026865005493 150 150 150 124 102
1560004915.5360198020935 102 102 102 93 86
1560004915.5693533420563 150 150 150 143 119
1560004915.6026864051819 119 119 119 112 102
1560004915.6360199451447 102 102 102 95 93
1560004915.7026867866516 150 150 150 126 96
1560004915.7360203266144 96 96 96 91 90
1560004915.8026869297028 150 149 149 130 97
1560004915.8693537712097 97 97 97 87 82
1560004915.9026873111725 150 150 150 141 120
1560004915.9360206127167 120 120 120 110 106
1560004916.0027656555176 150 150 150 125 100
1560004916.0360991954803 100 100 100 93 91
1560004916.1360993385315 150 150 150 62 39
1560004916.1694326400757 150 150 150 140 119
1560004916.2360997200012 119 119 119 103 94
1560004916.3027663230896 150 150 150 124 90
1560004916.3360996246338 90 90 90 83 78
1560004916.3694331645966 150 150 150 138 122
1560004916.4027667045593 122 122 122 113 105
1560004916.4360997676849 105 105 105 98 93
1560004916.5028057098389 150 150 150 125 98
1560004916.5361392498016 98 98 98 93 83
1560004916.6028058528900 150 150 150 123 94
1560004916.6694726943970 94 94 94 87 77
1560004916.7028062343597 150 150 150 135 118
1560004916.7361392974854 118 118 118 109 104
1560004916.8028061389923 150 149 149 127 99
1560004916.8361399173737 99 99 99 95 91
1560004916.9028067588806 150 149 149 131 113
1560004916.9361400604248 113 113 113 103 102
1560004917.0361998081207 150 150 150 103 74
1560004917.0695328712463 150 150 150 139 123
1560004917.1028664112091 123 123 123 117 109
1560004917.1361997127533 109 109 109 105 99
1560004917.2028667926788 150 150 150 140 118
1560004917.2361998558044 118 118 118 114 109
1560004917.3028666973114 150 150 150 140 121
1560004917.3362002372742 121 121 121 112 112
1560004917.4028668403625 150 149 149 137 123
1560004917.4695336818695 123 123 123 114 112
1560004917.5361125469208 150 150 150 137 124
1560004917.6027793884277 150 150 150 140 123
1560004917.6361126899719 123 123 123 119 117
1560004917.6694459915161 150 150 150 142 129
1560004917.7027795314789 129 129 129 126 125
1560004917.7694463729858 125 125 125 112 106
1560004917.8027794361115 150 150 150 146 136
1560004917.8694467544556 136 136 136 130 128
1560004917.9027798175812 150 150 150 146 136
1560004917.9694466590881 136 136 136 127 122
1560004918.0360901355743 150 150 150 139 130
1560004918.1027569770813 150 150 150 141 135
1560004918.1360902786255 135 135 135 128 124
1560004918.2027571201324 150 150 150 139 126
1560004918.2360906600952 126 126 126 115 109
1560004918.3027572631836 150 150 150 139 120
1560004918.3694241046906 120 120 120 106 101
1560004918.4027576446533 150 150 150 145 133
1560004918.4360909461975 133 133 133 127 124
1560004918.5360102653503 150 150 150 123 105
1560004918.6026771068573 150 149 149 130 112
1560004918.6360104084015 112 112 112 106 103
1560004918.7026772499084 150 150 150 129 100
1560004918.7360107898712 100 100 100 95 95
1560004918.8026773929596 150 150 150 121 103
1560004918.8360106945038 103 103 103 96 90
1560004918.9360110759735 150 149 149 62 39
1560004919.0026831626892 150 149 149 126 94
1560004919.0360167026520 94 94 94 89 87
1560004919.0693500041962 150 150 150 142 127
1560004919.1360168457031 127 127 127 106 91
1560004919.1693501472473 150 150 150 132 115
1560004919.2360169887543 115 115 115 95 87
1560004919.3026838302612 150 150 150 122 95
1560004919.3360171318054 95 95 95 85 84
1560004919.4026837348938 150 150 150 109 81
1560004919.4360172748566 81 81 81 77 76
1560004919.4693508148193 150 150 150 141 124
1560004919.5359272956848 124 124 124 102 93
1560004919.6025941371918 150 150 150 125 104
1560004919.6359274387360 104 104 104 94 93
1560004919.6692609786987 150 150 150 122 105
1560004919.7025942802429 105 105 105 98 97
1560004919.7359278202057 97 97 97 86 84
1560004919.8025944232941 150 150 150 124 102
1560004919.8359279632568 102 102 102 94 93
1560004919.8692612648010 150 150 150 137 123
1560004919.9359281063080 123 123 123 95 82
1560004919.9692614078522 150 150 150 142 121
1560004920.0026307106018 121 121 121 108 102
1560004920.0359640121460 102 102 102 94 89
1560004920.1026308536530 150 150 150 107 91
1560004920.1359643936157 91 91 91 85 85
1560004920.2026309967041 150 150 150 102 84
1560004920.2359642982483 84 84 84 71 66
1560004920.3026311397552 150 150 150 114 92
1560004920.3359646797180 92 92 92 85 77
1560004920.3692979812622 150 150 150 143 125
1560004920.4359648227692 125 125 125 106 95
1560004920.4692981243134 150 150 150 139 117
1560004920.5026912689209 117 117 117 111 106
1560004920.5360243320465 106 106 106 101 101
1560004920.6026914119720 150 149 149 136 114
1560004920.6360247135162 114 114 114 108 100
1560004920.7026913166046 150 150 150 132 106
1560004920.7360248565674 106 106 106 100 91
1560004920.8026916980743 150 150 150 129 100
1560004920.8360252380371 100 100 100 95 90
1560004920.8693583011627 150 150 150 138 112
1560004920.9360251426697 112 112 112 105 91
1560004921.0025300979614 150 150 150 128 95
1560004921.0358633995056 95 95 95 86 80
1560004921.1025302410126 150 150 150 138 113
1560004921.1358635425568 113 113 113 105 96
1560004921.1691970825195 150 150 150 144 119
1560004921.2358636856079 119 119 119 106 94
1560004921.2691972255707 150 150 150 142 121
1560004921.3025305271149 121 121 121 116 112
1560004921.3358640670776 112 112 112 104 102
1560004921.4025306701660 150 149 149 134 108
1560004921.4358642101288 108 108 108 100 98
1560004921.5024964809418 150 150 150 123 100
1560004921.5358297824860 100 100 100 93 91
1560004921.6024966239929 150 150 150 135 114
1560004921.6358301639557 114 114 114 111 105
1560004921.7024967670441 150 150 150 131 102
1560004921.7358303070068 102 102 102 96 92
1560004921.8024971485138 150 150 150 131 108
1560004921.8691637516022 108 108 108 94 89
1560004921.9024972915649 150 150 150 144 131
1560004921.9691641330719 131 131 131 115 98
1560004922.0025031566620 150 150 150 143 124
1560004922.0691699981689 124 124 124 108 91
1560004922.1025032997131 150 150 150 135 125
1560004922.1691701412201 125 125 125 117 93
1560004922.2025034427643 150 150 150 139 123
1560004922.2691705226898 123 123 123 111 93
1560004922.3358371257782 150 150 150 108 83
1560004922.3691704273224 150 150 150 141 125
1560004922.4025039672852 125 125 125 118 107
1560004922.4358375072479 107 107 107 97 91
1560004922.5024869441986 150 150 150 132 105
1560004922.5358204841614 105 105 105 96 91
1560004922.6024873256683 150 150 150 129 97
1560004922.6358208656311 97 97 97 90 85
1560004922.7024874687195 150 150 150 143 105
1560004922.7358207702637 105 105 105 97 95
1560004922.8024878501892 150 150 150 138 102
1560004922.8358211517334 102 102 102 95 91
1560004922.9024877548218 150 148 148 130 93
1560004922.9358212947845 93 93 93 86 85
1560004923.0024688243866 150 150 150 133 99
1560004923.0691359043121 99 99 99 87 81
1560004923.1024692058563 150 150 150 140 111
1560004923.1691360473633 111 111 111 97 86
1560004923.2024695873260 150 150 150 144 120
1560004923.2358028888702 120 120 120 115 110
1560004923.3024697303772 150 150 150 136 101
1560004923.3358030319214 101 101 101 94 89
1560004923.4024698734283 150 150 150 134 101
1560004923.4691367149353 101 101 101 91 79
1560004923.5357947349548 150 150 150 129 91
1560004923.6024613380432 150 150 150 124 93
1560004923.6357948780060 93 93 93 81 79
1560004923.7024617195129 150 150 150 124 91
1560004923.7357952594757 91 91 91 80 78
1560004923.8024618625641 150 150 150 122 91
1560004923.8357951641083 91 91 91 88 85
1560004923.9024622440338 150 150 150 132 103
1560004923.9691288471222 103 103 103 85 74
1560004924.0357856750488 150 150 150 121 90
1560004924.0691192150116 150 150 150 143 115
1560004924.1357858181000 115 115 115 98 88
1560004924.2024526596069 150 150 150 123 94
1560004924.2357861995697 94 94 94 82 82
1560004924.2691195011139 150 150 150 142 120
1560004924.3357863426208 120 120 120 101 90
1560004924.3691196441650 150 149 149 133 109
1560004924.4024534225464 109 109 109 102 99
1560004924.4357864856720 99 99 99 93 92
1560004924.5023815631866 150 150 150 130 107
1560004924.5357151031494 107 107 107 100 99
1560004924.6023819446564 150 150 150 126 103
1560004924.6690485477448 103 103 103 91 89
1560004924.7023820877075 150 150 150 140 123
1560004924.7357153892517 123 123 123 111 102
1560004924.8023822307587 150 150 150 134 98
1560004924.8357155323029 98 98 98 89 85
1560004924.8690490722656 150 150 150 140 113
1560004924.9357159137726 113 113 113 93 81
1560004925.0024170875549 150 150 150 130 109
1560004925.0357503890991 109 109 109 103 100
1560004925.1024172306061 150 150 150 130 110
1560004925.1357505321503 110 110 110 104 101
1560004925.2024173736572 150 150 150 131 99
1560004925.2357506752014 99 99 99 93 91
1560004925.3024175167084 150 150 150 128 107
1560004925.3357510566711 107 107 107 103 102
1560004925.4024176597595 150 150 150 134 116
1560004925.4690845012665 116 116 116 106 100
1560004925.5356869697571 150 150 150 108 97
1560004925.6023538112640 150 150 150 126 106
1560004925.6356873512268 106 106 106 96 88
1560004925.6690204143524 150 150 150 135 122
1560004925.7356874942780 122 122 122 109 103
1560004925.8023543357849 150 150 150 136 121
1560004925.8356873989105 121 121 121 111 104
1560004925.9023544788361 150 150 150 133 105
1560004925.9356877803802 105 105 105 100 98
1560004926.0356791019440 150 150 150 112 94
1560004926.0690126419067 150 150 150 135 124
1560004926.1023461818695 124 124 124 114 113
1560004926.1356794834137 113 113 113 107 104
1560004926.2023460865021 150 150 150 130 108
1560004926.2356796264648 108 108 108 96 96
1560004926.3023464679718 150 150 150 123 101
1560004926.3690130710602 101 101 101 89 83
1560004926.4356801509857 150 150 150 124 99
1560004926.4690134525299 150 150 150 139 123
1560004926.5356895923615 123 123 123 109 100
1560004926.6023564338684 150 149 149 124 100
1560004926.6356899738312 100 100 100 94 92
1560004926.6690232753754 150 150 150 144 125
1560004926.7356898784637 125 125 125 112 100
1560004926.8023569583893 150 150 150 128 108
1560004926.8356902599335 108 108 108 99 99
1560004926.9023568630219 150 150 150 132 111
1560004926.9356904029846 111 111 111 100 99
1560004927.0023629665375 150 150 150 127 110
1560004927.0356962680817 110 110 110 104 102
1560004927.0690298080444 150 150 150 139 126
1560004927.1356966495514 126 126 126 101 95
1560004927.1690299510956 150 150 150 140 129
1560004927.2356967926025 129 129 129 110 102
1560004927.2690305709839 150 150 150 146 138
1560004927.3023638725281 138 138 138 130 127
1560004927.3356971740723 127 127 127 121 118
1560004927.4356975555420 150 150 150 120 99
1560004927.4690308570862 150 150 150 142 133
1560004927.5356750488281 133 133 133 116 112
1560004927.6023418903351 150 150 150 131 117
1560004927.6356749534607 117 117 117 112 106
1560004927.6690084934235 150 150 150 142 138
1560004927.7356753349304 138 138 138 118 101
1560004927.8023419380188 150 150 150 135 121
1560004927.8356754779816 121 121 121 114 114
1560004927.9023423194885 150 150 150 131 123
1560004927.9356760978699 123 123 123 112 111
1560004927.9690089225769 150 150 150 142 137
1560004928.0022380352020 137 137 137 131 131
1560004928.0355713367462 131 131 131 121 118
1560004928.1022381782532 150 150 150 127 114
1560004928.1689050197601 114 114 114 98 94
1560004928.2355718612671 150 150 150 131 122
1560004928.3022384643555 150 150 150 126 119
1560004928.3355720043182 119 119 119 110 107
1560004928.4022388458252 150 150 150 122 111
1560004928.4355719089508 111 111 111 103 101
1560004928.5022208690643 150 150 150 132 126
1560004928.5355544090271 126 126 126 109 105
1560004928.6022212505341 150 150 150 128 117
1560004928.6688880920410 117 117 117 107 101
1560004928.7022216320038 150 150 150 141 137
1560004928.7688884735107 137 137 137 120 108
1560004928.8355550765991 150 150 150 130 125
1560004928.9022219181061 150 150 150 130 122
1560004928.9355554580688 122 122 122 117 115
1560004929.0021760463715 150 150 150 131 117
1560004929.0355095863342 117 117 117 104 101
1560004929.1021761894226 150 150 150 123 114
1560004929.1688430309296 114 114 114 96 86
1560004929.2355098724365 150 150 150 126 115
1560004929.3021764755249 150 150 150 125 110
1560004929.3355100154877 110 110 110 99 96
1560004929.4021768569946 150 150 150 130 104
1560004929.4355101585388 104 104 104 96 95
1560004929.5022239685059 150 150 150 108 89
1560004929.5355572700500 89 89 89 80 77
1560004929.6022241115570 150 150 150 132 113
1560004929.6355576515198 113 113 113 109 109
1560004929.7022242546082 150 150 150 129 115
1560004929.7355575561523 115 115 115 103 103
1560004929.8022243976593 150 150 150 123 110
1560004929.8355579376221 110 110 110 104 97
1560004929.9022245407104 150 150 150 125 105
1560004929.9355580806732 105 105 105 95 94
1560004930.0354902744293 150 150 150 110 95
1560004930.1021568775177 150 149 149 128 110
1560004930.1354901790619 110 110 110 98 94
1560004930.1688237190247 150 150 150 134 123
1560004930.2021572589874 123 123 123 111 106
1560004930.2354905605316 106 106 106 98 94
1560004930.3021571636200 150 150 150 119 99
1560004930.3354907035828 99 99 99 92 89
1560004930.4021575450897 150 150 150 121 100
1560004930.4354910850525 100 100 100 95 91
1560004930.5021731853485 150 150 150 129 110
1560004930.5355062484741 110 110 110 101 100
1560004930.5688397884369 150 150 150 137 128
1560004930.6021730899811 128 128 128 120 118
1560004930.6355066299438 118 118 118 109 100
1560004930.7021732330322 150 150 150 132 111
1560004930.7355067729950 111 111 111 102 94
1560004930.8021736145020 150 150 150 128 106
1560004930.8355071544647 106 106 106 98 93
1560004930.9021739959717 150 150 150 137 121
1560004930.9688408374786 121 121 121 100 85
1560004931.0354778766632 150 150 150 134 118
1560004931.1354780197144 150 150 149 134 119
1560004931.1688113212585 150 150 150 138 127
1560004931.2354781627655 127 127 127 108 101
1560004931.2688114643097 150 150 150 137 127
1560004931.3021450042725 127 127 127 117 110
1560004931.3354783058167 110 110 110 102 99
1560004931.4021451473236 150 150 150 136 116
1560004931.4688119888306 116 116 116 106 104
1560004931.5354077816010 150 150 150 125 106
1560004931.5687413215637 150 150 150 137 120
1560004931.6354079246521 120 120 120 108 103
1560004931.7020747661591 150 150 150 131 106
1560004931.7354083061218 106 106 106 97 95
1560004931.8020749092102 150 150 150 136 111
1560004931.8354084491730 111 111 111 103 102
1560004931.9020752906799 150 150 150 132 109
1560004931.9354083538055 109 109 109 98 96
1560004932.0020754337311 150 150 150 133 120
1560004932.0353925228119 120 120 120 113 108
1560004932.1020593643188 150 150 150 130 118
1560004932.1353929042816 118 118 118 107 101
1560004932.2020595073700 150 150 150 135 117
1560004932.2353928089142 117 117 117 112 108
1560004932.3020598888397 150 150 150 126 107
1560004932.3353929519653 107 107 107 95 93
1560004932.4020597934723 150 150 150 128 117
1560004932.4353933334351 117 117 117 104 100
1560004932.5020601749420 150 150 150 130 114
1560004932.5354051589966 114 114 114 108 102
1560004932.6020720005035 150 150 150 126 106
1560004932.6354055404663 106 106 106 98 94
1560004932.7020723819733 150 150 150 131 101
1560004932.7354054450989 101 101 101 94 89
1560004932.8020725250244 150 150 150 127 110
1560004932.8354058265686 110 110 110 103 98
1560004932.9020724296570 150 150 150 129 113
1560004932.9687395095825 113 113 113 97 83
1560004933.0020728111267 150 150 150 139 130
1560004933.0686857700348 130 130 130 115 99
1560004933.1353526115417 150 150 150 137 125
1560004933.2020192146301 150 150 150 130 102
1560004933.2353527545929 102 102 102 96 95
1560004933.3020195960999 150 150 150 136 123
1560004933.3353528976440 123 123 123 112 108
1560004933.4020197391510 150 150 150 132 115
1560004933.4353530406952 115 115 115 105 102
1560004933.5020198822021 150 150 150 134 122
1560004933.5353996753693 122 122 122 114 110
1560004933.6020665168762 150 150 150 137 123
1560004933.6353998184204 123 123 123 116 115
1560004933.7020666599274 150 150 150 127 111
1560004933.7354001998901 111 111 111 104 104
1560004933.8020668029785 150 150 150 128 112
1560004933.8354001045227 112 112 112 105 97
1560004933.9020671844482 150 150 150 136 119
1560004933.9354004859924 119 119 119 106 100
1560004934.0020670890808 150 150 150 124 113
1560004934.0353868007660 113 113 113 101 100
1560004934.1020534038544 150 150 150 106 88
1560004934.1353869438171 88 88 88 84 81
1560004934.2020537853241 150 150 150 137 113
1560004934.2353868484497 113 113 113 106 105
1560004934.3020539283752 150 150 150 127 104
1560004934.3353872299194 104 104 104 94 91
1560004934.3687207698822 150 150 150 141 120
1560004934.4353873729706 120 120 120 101 91
1560004934.4687206745148 150 150 150 117 105
1560004934.5353167057037 105 105 105 82 72
1560004934.5686500072479 150 150 150 141 125
1560004934.6353166103363 125 125 125 108 98
1560004934.6686501502991 150 150 150 139 122
1560004934.7019836902618 122 122 122 106 102
1560004934.7353169918060 102 102 102 93 90
1560004934.8019835948944 150 150 150 131 112
1560004934.8353171348572 112 112 112 97 91
1560004934.9019839763641 150 150 150 106 85
1560004934.9686505794525 85 85 85 73 72
1560004935.0353367328644 150 149 149 130 96
1560004935.1020035743713 150 149 149 121 98
1560004935.1353368759155 98 98 98 85 79
1560004935.2020037174225 150 150 150 136 108
1560004935.2353372573853 108 108 108 99 96
1560004935.3020038604736 150 150 150 121 104
1560004935.3353374004364 104 104 104 96 90
1560004935.4020042419434 150 149 149 125 109
1560004935.4353373050690 109 109 109 99 93
1560004935.4686708450317 150 150 150 137 117
1560004935.5020043849945 117 117 117 109 106
1560004935.5352928638458 106 106 106 97 96
1560004935.6019597053528 150 150 150 137 121
1560004935.6352930068970 121 121 121 111 107
1560004935.7019598484039 150 150 150 133 121
1560004935.7352931499481 121 121 121 111 108
1560004935.8019599914551 150 149 149 130 113
1560004935.8352935314178 113 113 113 104 96
1560004935.9019601345062 150 149 149 132 115
1560004935.9352936744690 115 115 115 103 101
1560004936.0019605159760 150 150 150 136 118
1560004936.0352523326874 118 118 118 113 113
1560004936.1019194126129 150 150 150 130 112
1560004936.1352527141571 112 112 112 104 97
1560004936.1685862541199 150 150 150 143 130
1560004936.2352528572083 130 130 130 111 108
1560004936.2685863971710 150 150 150 135 121
1560004936.3352532386780 121 121 121 109 98
1560004936.3685865402222 150 150 150 143 136
1560004936.4019198417664 136 136 136 124 106
1560004936.4352533817291 106 106 106 100 97
1560004936.5019202232361 150 150 150 121 105
1560004936.5352170467377 105 105 105 95 91
1560004936.6018838882446 150 150 150 137 118
1560004936.6685504913330 118 118 118 102 99
1560004936.7018842697144 150 150 150 138 128
1560004936.7685511112213 128 128 128 116 110
1560004936.8018844127655 150 150 150 141 133
1560004936.8685512542725 133 133 133 124 106
1560004936.9352180957794 150 150 150 134 120
1560004937.0018846988678 150 150 150 137 127
1560004937.0352449417114 127 127 127 120 117
1560004937.0685784816742 150 150 150 142 134
1560004937.1352450847626 134 134 134 121 112
1560004937.1685786247253 150 150 150 142 134
1560004937.2019119262695 134 134 134 123 115
1560004937.2352454662323 115 115 115 109 109
1560004937.3019120693207 150 150 150 140 118
1560004937.3352456092834 118 118 118 113 112
1560004937.4019124507904 150 150 150 132 112
1560004937.4685790538788 112 112 112 94 87
1560004937.5019125938416 150 150 150 141 130
1560004937.5352175235748 130 130 130 123 119
1560004937.6018843650818 150 150 150 139 114
1560004937.6352176666260 114 114 114 105 103
1560004937.7018845081329 150 150 150 132 112
1560004937.7352180480957 112 112 112 104 100
1560004937.8018846511841 150 150 150 137 119
1560004937.8352179527283 119 119 119 111 109
1560004937.8685514926910 150 150 150 134 120
1560004937.9352183341980 120 120 120 106 90
1560004937.9685518741608 150 150 150 139 121
1560004938.0018849372864 121 121 121 113 109
1560004938.0685622692108 109 109 109 99 89
1560004938.1352291107178 150 150 150 127 103
1560004938.1685624122620 150 150 150 140 111
1560004938.2352292537689 111 111 111 99 86
1560004938.3018960952759 150 150 150 143 115
1560004938.3352293968201 115 115 115 105 105
1560004938.3685626983643 150 150 150 142 130
1560004938.4352295398712 130 130 130 122 103
1560004938.5018963813782 150 150 150 136 120
1560004938.5352008342743 120 120 120 115 111
1560004938.6018676757812 150 150 150 139 117
1560004938.6352012157440 117 117 117 111 110
1560004938.7018678188324 150 150 150 143 131
1560004938.7352011203766 131 131 131 126 123
1560004938.8018684387207 150 150 150 145 143
1560004938.8352015018463 143 143 143 142 141
1560004938.9018683433533 150 150 150 144 142
1560004938.9352018833160 142 142 142 140 139
1560004939.0018687248230 150 150 150 149 146
1560004939.0351874828339 146 146 146 144 140
1560004939.0685207843781 150 150 150 149 148
1560004939.1018543243408 148 148 148 147 144
1560004939.1351873874664 144 144 144 143 142
1560004939.1685209274292 150 150 150 149 146
1560004939.2018542289734 146 146 146 146 145
1560004939.2351877689362 145 145 145 144 143
1560004939.2685213088989 150 150 150 149 147
1560004939.3018546104431 147 147 147 146 144
1560004939.3351879119873 144 144 144 144 142
1560004939.3685212135315 150 150 150 150 149
1560004939.4018547534943 149 149 149 149 143
1560004939.4351882934570 143 143 143 142 141
1560004939.4685215950012 150 150 150 150 148
1560004939.5018548965454 148 148 148 147 142
1560004939.5351312160492 142 142 142 142 141
1560004939.5684645175934 150 150 150 147 147
1560004939.6017978191376 147 147 147 147 143
1560004939.6351313591003 143 143 143 142 141
1560004939.6684646606445 150 150 150 144 141
1560004939.7017982006073 141 141 141 141 138
1560004939.7351315021515 138 138 138 138 133
1560004939.7684648036957 150 150 150 150 146
1560004939.8017983436584 146 146 146 146 145
1560004939.8351316452026 145 145 145 145 143
1560004939.8684651851654 150 150 150 149 149
1560004939.9017984867096 149 149 149 149 145
1560004939.9351317882538 145 145 145 145 142
1560004939.9684653282166 150 150 150 150 150
1560004940.0017986297607 150 150 150 150 148
1560004940.0350582599640 148 148 148 148 148
1560004940.0683917999268 150 150 150 150 150
1560004940.1017251014709 150 150 150 150 147
1560004940.1350586414337 147 147 147 146 146
1560004940.1683921813965 150 150 150 150 147
1560004940.2017252445221 147 147 147 147 146
1560004940.2350587844849 146 146 146 145 145
1560004940.2683920860291 150 150 150 150 143
1560004940.3017256259918 143 143 143 143 142
1560004940.3350591659546 142 142 142 142 141
1560004940.3683922290802 150 150 150 150 150
1560004940.4017257690430 150 150 150 150 148
1560004940.4350590705872 148 148 148 148 144
1560004940.4683928489685 150 150 150 149 147
1560004940.5017259120941 147 147 147 147 146
1560004940.5350923538208 146 146 146 146 143
1560004940.5684258937836 150 150 150 147 142
1560004940.6017589569092 142 142 142 141 140
1560004940.6350924968719 140 140 140 139 137
1560004940.6684257984161 150 150 150 149 144
1560004940.7017593383789 144 144 144 142 140
1560004940.7350928783417 140 140 140 135 127
1560004940.7684259414673 150 150 150 150 139
1560004940.8017594814301 139 139 139 134 128
1560004940.8350927829742 128 128 128 127 124
1560004940.8684263229370 150 150 150 146 143
1560004940.9017598628998 143 143 143 141 132
1560004940.9350929260254 132 132 132 130 126
1560004940.9684264659882 150 150 150 141 132
1560004941.0017597675323 132 132 132 128 122
1560004941.0350918769836 122 122 122 120 114
1560004941.0684251785278 150 150 150 144 127
1560004941.1017584800720 127 127 127 119 116
1560004941.1350920200348 116 116 116 113 101
1560004941.1684253215790 150 150 150 136 126
1560004941.2017588615417 126 126 126 120 113
1560004941.2350924015045 113 113 113 108 94
1560004941.2684254646301 150 150 150 144 131
1560004941.3017590045929 131 131 131 128 118
1560004941.3350923061371 118 118 118 111 108
1560004941.3684258460999 150 150 150 146 130
1560004941.4017593860626 130 130 130 115 111
1560004941.4350924491882 111 111 111 102 101
1560004941.4684259891510 150 150 150 143 133
1560004941.5017592906952 133 133 133 124 118
1560004941.5351011753082 118 118 118 110 107
1560004941.5684344768524 150 150 150 141 133
1560004941.6017677783966 133 133 133 131 128
1560004941.6351013183594 128 128 128 123 120
1560004941.6684350967407 150 150 150 143 136
1560004941.7017683982849 136 136 136 131 124
1560004941.7351016998291 124 124 124 120 118
1560004941.7684350013733 150 150 150 143 130
1560004941.8017685413361 130 130 130 126 121
1560004941.8351020812988 121 121 121 117 115
1560004941.8684353828430 150 150 150 148 140
1560004941.9017686843872 140 140 140 137 135
1560004941.9351019859314 135 135 135 132 132
1560004941.9684355258942 150 150 150 146 142
1560004942.0017690658569 142 142 142 142 142
1560004942.0350677967072 142 142 142 141 139
1560004942.0684013366699 150 150 150 148 147
1560004942.1017346382141 147 147 147 146 144
1560004942.1350681781769 144 144 144 144 144
1560004942.1684014797211 150 150 150 150 149
1560004942.2017347812653 149 149 149 149 147
1560004942.2350683212280 147 147 147 147 146
1560004942.2684016227722 150 150 150 150 147
1560004942.3017351627350 147 147 147 147 147
1560004942.3350684642792 147 147 147 147 146
1560004942.3684017658234 150 150 150 148 147
1560004942.4017350673676 147 147 147 147 146
