1403638538.2778294086456 150 150 150 150 150
1403638538.3278295993805 150 150 150 150 150
1403638538.3778295516968 150 150 150 148 148
1403638538.4278295040131 148 148 148 146 146
1403638538.4778294563293 150 150 150 150 150
1403638538.5278294086456 150 150 150 150 150
1403638538.5778295993805 150 150 150 150 150
1403638538.6278295516968 150 150 150 144 144
1403638538.6778295040131 150 150 150 149 149
1403638538.7278294563293 149 149 149 143 143
1403638538.7778294086456 150 150 150 138 138
1403638538.8278295993805 138 138 138 136 136
1403638538.8778295516968 150 147 147 131 127
1403638538.9278295040131 127 125 125 111 108
1403638538.9778294563293 150 142 142 116 104
1403638539.0278294086456 104 98 98 87 82
1403638539.0778295993805 150 139 139 94 78
1403638539.1278295516968 78 78 78 58 50
1403638539.1778295040131 150 139 139 92 64
1403638539.2278294563293 64 64 64 50 42
1403638539.2778294086456 150 142 142 78 54
1403638539.3278295993805 54 54 54 50 46
1403638539.3778295516968 150 150 150 83 73
1403638539.4278295040131 73 73 73 61 60
1403638539.4778294563293 150 144 143 86 74
1403638539.5278294086456 74 74 74 69 68
1403638539.5778295993805 150 143 143 98 90
1403638539.6278295516968 90 90 90 86 85
1403638539.6778295040131 150 144 143 122 106
1403638539.7278294563293 106 105 105 100 95
1403638539.7778294086456 150 147 147 129 120
1403638539.8278295993805 120 120 120 117 117
1403638539.8778295516968 150 147 147 126 113
1403638539.9278295040131 113 112 112 105 105
1403638539.9778294563293 150 143 143 125 116
1403638540.0278294086456 116 115 115 108 106
1403638540.0778295993805 150 141 141 122 108
1403638540.1278295516968 108 108 108 98 98
1403638540.1778295040131 150 145 145 118 114
1403638540.2278294563293 114 113 113 107 103
1403638540.2778294086456 150 147 146 126 117
1403638540.3278295993805 117 114 112 96 85
1403638540.3778295516968 150 139 139 126 119
1403638540.4278295040131 119 119 119 109 109
1403638540.4778294563293 150 146 146 116 105
1403638540.5278294086456 105 105 105 96 96
1403638540.5778295993805 150 147 147 134 130
1403638540.6278295516968 130 130 130 121 120
1403638540.6778295040131 150 147 146 126 121
1403638540.7278294563293 121 121 121 109 109
1403638540.7778294086456 150 142 142 124 121
1403638540.8278295993805 121 121 121 108 106
1403638540.8778295516968 150 143 141 128 126
1403638540.9278295040131 126 125 125 119 118
1403638540.9778294563293 150 145 144 134 132
1403638541.0278294086456 132 131 131 125 125
1403638541.0778295993805 150 148 148 135 135
1403638541.1278295516968 135 135 135 128 128
1403638541.1778295040131 150 148 147 141 141
1403638541.2278294563293 141 141 141 127 126
1403638541.2778294086456 150 145 145 135 135
1403638541.3278295993805 135 135 135 129 129
1403638541.3778295516968 150 147 147 137 137
1403638541.4278295040131 137 137 137 133 132
1403638541.4778294563293 150 149 149 141 141
1403638541.5278294086456 141 140 140 132 132
1403638541.5778295993805 150 149 149 138 134
1403638541.6278295516968 134 134 134 125 122
1403638541.6778295040131 150 148 148 133 132
1403638541.7278294563293 132 131 131 119 117
1403638541.7778294086456 150 145 145 128 125
1403638541.8278295993805 125 125 125 116 111
1403638541.8778295516968 150 147 147 128 125
1403638541.9278295040131 125 125 125 117 113
1403638541.9778294563293 150 147 147 135 129
1403638542.0278294086456 129 128 128 118 116
1403638542.0778295993805 150 147 147 132 132
1403638542.1278295516968 132 130 130 111 102
1403638542.1778295040131 150 144 143 128 121
1403638542.2278294563293 121 120 120 109 107
1403638542.2778294086456 150 142 142 125 119
1403638542.3278295993805 119 118 118 110 109
1403638542.3778295516968 150 146 145 132 127
1403638542.4278295040131 127 125 125 117 114
1403638542.4778294563293 150 145 145 125 123
1403638542.5278294086456 123 123 123 113 112
1403638542.5778295993805 150 146 146 132 125
1403638542.6278295516968 125 124 124 110 108
1403638542.6778295040131 150 147 147 136 135
1403638542.7278294563293 135 135 135 124 115
1403638542.7778294086456 150 149 149 135 133
1403638542.8278295993805 133 133 133 124 119
1403638542.8778295516968 150 146 146 130 127
1403638542.9278295040131 127 126 126 119 118
1403638542.9778294563293 150 148 148 132 128
1403638543.0278294086456 128 127 127 109 102
1403638543.0778295993805 150 150 150 143 143
1403638543.1278295516968 143 143 143 130 130
1403638543.1778295040131 150 150 150 129 129
1403638543.2278294563293 129 129 129 121 117
1403638543.2778294086456 150 149 149 135 133
1403638543.3278295993805 133 133 133 123 123
1403638543.3778295516968 150 149 149 135 135
1403638543.4278295040131 135 135 135 126 126
1403638543.4778294563293 150 148 148 137 137
1403638543.5278294086456 137 136 136 124 123
1403638543.5778295993805 150 149 148 137 129
1403638543.6278295516968 129 129 129 121 120
1403638543.6778295040131 150 148 148 131 129
1403638543.7278294563293 129 128 128 123 123
1403638543.7778294086456 150 145 143 120 113
1403638543.8278295993805 113 113 113 104 103
1403638543.8778295516968 150 146 144 121 114
1403638543.9278295040131 114 113 112 99 94
1403638543.9778294563293 150 143 142 125 120
1403638544.0278294086456 120 120 120 110 104
1403638544.0778295993805 150 148 147 131 124
1403638544.1278295516968 124 124 124 118 116
1403638544.1778295040131 150 149 149 136 129
1403638544.2278294563293 129 129 129 121 120
1403638544.2778294086456 150 145 145 130 127
1403638544.3278295993805 127 127 127 115 111
1403638544.3778295516968 150 147 147 133 133
1403638544.4278295040131 133 133 133 126 125
1403638544.4778294563293 150 150 150 140 140
1403638544.5278294086456 140 140 140 130 128
1403638544.5778295993805 150 149 149 134 133
1403638544.6278295516968 133 133 133 124 123
1403638544.6778295040131 150 149 149 133 131
1403638544.7278294563293 131 130 130 117 117
1403638544.7778294086456 150 148 148 137 137
1403638544.8278295993805 137 137 137 125 125
1403638544.8778295516968 150 146 146 135 134
1403638544.9278295040131 134 133 133 128 128
1403638544.9778294563293 150 148 148 138 138
1403638545.0278294086456 138 138 138 133 132
1403638545.0778295993805 150 147 147 134 134
1403638545.1278295516968 134 134 134 128 128
1403638545.1778295040131 150 149 149 138 138
1403638545.2278294563293 138 138 138 132 132
1403638545.2778294086456 150 149 149 144 141
1403638545.3278295993805 141 141 141 132 131
1403638545.3778295516968 150 150 150 137 137
1403638545.4278295040131 137 137 137 129 127
1403638545.4778294563293 150 148 148 133 133
1403638545.5278294086456 133 133 133 123 123
1403638545.5778295993805 150 150 150 136 136
1403638545.6278295516968 136 136 136 113 113
1403638545.6778295040131 150 149 149 133 129
1403638545.7278294563293 129 128 128 118 118
1403638545.7778294086456 150 149 149 134 133
1403638545.8278295993805 133 133 133 124 122
1403638545.8778295516968 150 148 148 133 131
1403638545.9278295040131 131 131 131 120 119
1403638545.9778294563293 150 149 149 134 128
1403638546.0278294086456 128 128 128 118 114
1403638546.0778295993805 150 148 148 134 129
1403638546.1278295516968 129 128 128 117 117
1403638546.1778295040131 150 146 146 126 126
1403638546.2278294563293 126 126 126 113 108
1403638546.2778294086456 150 148 148 134 132
1403638546.3278295993805 132 132 132 120 116
1403638546.3778295516968 150 149 149 137 137
1403638546.4278295040131 137 137 137 128 126
1403638546.4778294563293 150 148 148 134 132
1403638546.5278294086456 132 132 132 123 123
1403638546.5778295993805 150 148 148 134 132
1403638546.6278295516968 132 132 132 124 124
1403638546.6778295040131 150 146 146 134 133
1403638546.7278294563293 133 133 133 122 122
1403638546.7778294086456 150 148 148 131 127
1403638546.8278295993805 127 125 125 111 111
1403638546.8778295516968 150 147 147 137 135
1403638546.9278295040131 135 134 134 122 120
1403638546.9778294563293 150 148 148 125 123
1403638547.0278294086456 123 123 123 112 111
1403638547.0778295993805 150 148 148 128 126
1403638547.1278295516968 126 126 126 112 108
1403638547.1778295040131 150 150 150 136 135
1403638547.2278294563293 135 134 134 119 119
1403638547.2778294086456 150 149 149 139 138
1403638547.3278295993805 138 137 137 127 127
1403638547.3778295516968 150 149 149 130 129
1403638547.4278295040131 129 129 129 115 115
1403638547.4778294563293 150 143 143 124 124
1403638547.5278294086456 124 122 122 106 106
1403638547.5778295993805 150 146 146 126 124
1403638547.6278295516968 124 122 122 115 115
1403638547.6778295040131 150 144 144 130 130
1403638547.7278294563293 130 130 130 123 121
1403638547.7778294086456 150 148 148 132 130
1403638547.8278295993805 130 130 130 119 119
1403638547.8778295516968 150 146 146 128 126
1403638547.9278295040131 126 126 126 121 120
1403638547.9778294563293 150 147 147 135 135
1403638548.0278294086456 135 134 134 124 122
1403638548.0778295993805 150 149 149 134 133
1403638548.1278295516968 133 133 133 111 107
1403638548.1778295040131 150 148 148 132 131
1403638548.2278294563293 131 131 131 121 118
1403638548.2778294086456 150 149 148 129 123
1403638548.3278295993805 123 121 121 109 109
1403638548.3778295516968 150 147 147 124 123
1403638548.4278295040131 123 122 122 105 102
1403638548.4778294563293 150 150 150 130 122
1403638548.5278294086456 122 122 122 108 104
1403638548.5778295993805 150 148 148 129 126
1403638548.6278295516968 126 126 126 111 111
1403638548.6778295040131 150 147 147 138 132
1403638548.7278294563293 132 132 132 114 114
1403638548.7778294086456 150 146 146 132 130
1403638548.8278295993805 130 130 130 117 114
1403638548.8778295516968 150 147 147 108 106
1403638548.9278295040131 106 105 105 91 90
1403638548.9778294563293 150 147 147 139 137
1403638549.0278294086456 137 136 136 124 123
1403638549.0778295993805 150 145 145 128 127
1403638549.1278295516968 127 127 127 112 106
1403638549.1778295040131 150 148 148 127 125
1403638549.2278294563293 125 125 125 114 114
1403638549.2778294086456 150 150 150 136 124
1403638549.3278295993805 124 123 123 104 98
1403638549.3778295516968 150 148 148 127 124
1403638549.4278295040131 124 124 124 115 113
1403638549.4778294563293 150 147 147 125 120
1403638549.5278294086456 120 120 120 108 108
1403638549.5778295993805 150 143 143 129 129
1403638549.6278295516968 129 128 128 109 108
1403638549.6778295040131 150 143 143 127 126
1403638549.7278294563293 126 126 126 115 110
1403638549.7778294086456 150 146 146 128 125
1403638549.8278295993805 125 125 125 113 112
1403638549.8778295516968 150 148 148 124 121
1403638549.9278295040131 121 121 121 112 110
1403638549.9778294563293 150 146 146 123 120
1403638550.0278294086456 120 119 119 103 96
1403638550.0778295993805 150 148 148 133 126
1403638550.1278295516968 126 126 126 113 111
1403638550.1778295040131 150 147 147 123 118
1403638550.2278294563293 118 118 118 103 99
1403638550.2778294086456 150 145 144 123 115
1403638550.3278295993805 115 114 114 96 92
1403638550.3778295516968 150 144 143 128 120
1403638550.4278295040131 120 118 118 104 100
1403638550.4778294563293 150 140 140 127 123
1403638550.5278294086456 123 123 123 112 111
1403638550.5778295993805 150 146 146 131 129
1403638550.6278295516968 129 129 129 109 106
1403638550.6778295040131 150 143 143 122 115
1403638550.7278294563293 115 115 115 97 96
1403638550.7778294086456 150 144 144 131 125
1403638550.8278295993805 125 124 124 109 106
1403638550.8778295516968 150 143 143 129 123
1403638550.9278295040131 123 121 121 107 101
1403638550.9778294563293 150 147 147 128 121
1403638551.0278294086456 121 120 120 112 112
1403638551.0778295993805 150 146 145 124 121
1403638551.1278295516968 121 121 121 113 112
1403638551.1778295040131 150 143 143 127 117
1403638551.2278294563293 117 116 116 101 101
1403638551.2778294086456 150 148 148 132 128
1403638551.3278295993805 128 128 128 116 115
1403638551.3778295516968 150 146 146 126 115
1403638551.4278295040131 115 114 114 105 97
1403638551.4778294563293 150 148 148 124 117
1403638551.5278294086456 117 117 117 103 100
1403638551.5778295993805 150 145 145 131 122
1403638551.6278295516968 122 120 120 103 97
1403638551.6778295040131 150 144 144 125 117
1403638551.7278294563293 117 115 115 107 105
1403638551.7778294086456 150 148 147 127 119
1403638551.8278295993805 119 118 118 108 97
1403638551.8778295516968 150 144 143 121 114
1403638551.9278295040131 114 114 114 102 97
1403638551.9778294563293 150 143 143 104 98
1403638552.0278294086456 98 97 97 94 91
1403638552.0778295993805 150 144 144 122 106
1403638552.1278295516968 106 105 105 100 100
1403638552.1778295040131 150 148 148 136 119
1403638552.2278294563293 119 118 118 109 104
1403638552.2778294086456 150 149 149 133 127
1403638552.3278295993805 127 126 126 114 114
1403638552.3778295516968 150 146 146 138 129
1403638552.4278295040131 129 129 129 112 109
1403638552.4778294563293 150 146 146 121 113
1403638552.5278294086456 113 113 113 101 99
1403638552.5778295993805 150 141 141 125 123
1403638552.6278295516968 123 123 123 114 102
1403638552.6778295040131 150 145 145 131 129
1403638552.7278294563293 129 129 129 114 107
1403638552.7778294086456 150 147 147 135 121
1403638552.8278295993805 121 121 121 110 104
1403638552.8778295516968 150 150 150 128 125
1403638552.9278295040131 125 125 125 117 116
1403638552.9778294563293 150 146 146 132 132
1403638553.0278294086456 132 131 131 119 112
1403638553.0778295993805 150 145 145 133 128
1403638553.1278295516968 128 128 128 117 116
1403638553.1778295040131 150 147 147 136 135
1403638553.2278294563293 135 132 132 118 117
1403638553.2778294086456 150 144 143 125 124
1403638553.3278295993805 124 124 124 113 107
1403638553.3778295516968 150 148 148 129 127
1403638553.4278295040131 127 127 127 116 114
1403638553.4778294563293 150 149 147 131 129
1403638553.5278294086456 129 128 128 117 116
1403638553.5778295993805 150 149 149 131 128
1403638553.6278295516968 128 128 128 115 115
1403638553.6778295040131 150 149 149 114 112
1403638553.7278294563293 112 112 112 97 96
1403638553.7778294086456 150 150 150 136 128
1403638553.8278295993805 128 128 128 119 117
1403638553.8778295516968 150 150 150 134 125
1403638553.9278295040131 125 125 125 112 106
1403638553.9778294563293 150 149 149 127 113
1403638554.0278294086456 113 113 113 106 104
1403638554.0778295993805 150 150 150 131 129
1403638554.1278295516968 129 129 129 117 115
1403638554.1778295040131 150 147 146 127 118
1403638554.2278294563293 118 117 117 107 104
1403638554.2778294086456 150 149 149 125 120
1403638554.3278295993805 120 120 120 100 98
1403638554.3778295516968 150 149 149 131 129
1403638554.4278295040131 129 129 129 115 113
1403638554.4778294563293 150 149 149 134 125
1403638554.5278294086456 125 125 125 109 108
1403638554.5778295993805 150 150 150 141 139
1403638554.6278295516968 139 139 139 125 124
1403638554.6778295040131 150 150 150 132 129
1403638554.7278294563293 129 129 129 114 109
1403638554.7778294086456 150 150 149 131 129
1403638554.8278295993805 129 129 129 116 110
1403638554.8778295516968 150 150 149 110 106
1403638554.9278295040131 106 106 106 94 89
1403638554.9778294563293 150 150 150 132 130
1403638555.0278294086456 130 130 130 118 105
1403638555.0778295993805 150 149 149 133 130
1403638555.1278295516968 130 130 130 121 117
1403638555.1778295040131 150 149 148 130 128
1403638555.2278294563293 128 128 128 116 107
1403638555.2778294086456 150 149 149 126 118
1403638555.3278295993805 118 117 117 108 99
1403638555.3778295516968 150 147 147 135 128
1403638555.4278295040131 128 128 128 111 111
1403638555.4778294563293 150 148 148 130 126
1403638555.5278294086456 126 126 126 104 103
1403638555.5778295993805 150 148 148 128 118
1403638555.6278295516968 118 118 118 100 94
1403638555.6778295040131 150 150 149 134 132
1403638555.7278294563293 132 131 131 117 117
1403638555.7778294086456 150 149 149 133 132
1403638555.8278295993805 132 132 132 109 108
1403638555.8778295516968 150 150 150 132 129
1403638555.9278295040131 129 129 129 111 110
1403638555.9778294563293 150 150 150 133 132
1403638556.0278294086456 132 132 132 122 117
1403638556.0778295993805 150 150 150 135 127
1403638556.1278295516968 127 126 126 111 111
1403638556.1778295040131 150 149 149 134 132
1403638556.2278294563293 132 130 130 109 109
1403638556.2778294086456 150 148 147 125 124
1403638556.3278295993805 124 124 124 113 112
1403638556.3778295516968 150 149 149 125 123
1403638556.4278295040131 123 122 122 97 91
1403638556.4778294563293 150 150 150 121 120
1403638556.5278294086456 120 120 120 107 107
1403638556.5778295993805 150 150 150 131 129
1403638556.6278295516968 129 129 129 114 114
1403638556.6778295040131 150 150 150 136 131
1403638556.7278294563293 131 131 131 106 103
1403638556.7778294086456 150 146 146 124 121
1403638556.8278295993805 121 121 121 109 107
1403638556.8778295516968 150 145 145 132 128
1403638556.9278295040131 128 127 127 107 105
1403638556.9778294563293 150 147 147 122 122
1403638557.0278294086456 122 122 122 106 105
1403638557.0778295993805 150 149 149 109 108
1403638557.1278295516968 108 108 108 94 92
1403638557.1778295040131 150 147 147 130 125
1403638557.2278294563293 125 125 125 109 108
1403638557.2778294086456 150 149 149 133 121
1403638557.3278295993805 121 121 121 107 105
1403638557.3778295516968 150 149 149 129 122
1403638557.4278295040131 122 122 122 105 105
1403638557.4778294563293 150 146 146 123 119
1403638557.5278294086456 119 119 119 106 104
1403638557.5778295993805 150 148 148 122 117
1403638557.6278295516968 117 117 117 102 100
1403638557.6778295040131 150 148 148 128 121
1403638557.7278294563293 121 121 121 103 101
1403638557.7778294086456 150 148 148 132 125
1403638557.8278295993805 125 124 124 101 93
1403638557.8778295516968 150 150 149 130 129
1403638557.9278295040131 129 129 129 115 108
1403638557.9778294563293 150 149 149 126 125
1403638558.0278294086456 125 124 124 105 91
1403638558.0778295993805 150 150 150 129 124
1403638558.1278295516968 124 122 122 107 105
1403638558.1778295040131 150 148 148 117 110
1403638558.2278294563293 110 108 108 88 87
1403638558.2778294086456 150 146 146 131 130
1403638558.3278295993805 130 130 130 111 107
1403638558.3778295516968 150 150 150 126 125
1403638558.4278295040131 125 124 124 108 95
1403638558.4778294563293 150 147 147 128 123
1403638558.5278294086456 123 123 123 107 102
1403638558.5778295993805 150 150 150 133 126
1403638558.6278295516968 126 126 126 104 97
1403638558.6778295040131 150 148 148 124 111
1403638558.7278294563293 111 110 110 86 78
1403638558.7778294086456 150 148 148 125 117
1403638558.8278295993805 117 117 117 100 96
1403638558.8778295516968 150 147 147 123 113
1403638558.9278295040131 113 113 113 92 90
1403638558.9778294563293 150 145 145 117 111
1403638559.0278294086456 111 111 111 94 86
1403638559.0778295993805 150 143 143 117 98
1403638559.1278295516968 98 98 98 84 80
1403638559.1778295040131 150 144 144 121 117
1403638559.2278294563293 117 117 117 99 96
1403638559.2778294086456 150 145 145 119 113
1403638559.3278295993805 113 113 113 97 97
1403638559.3778295516968 150 149 149 129 124
1403638559.4278295040131 124 124 124 104 104
1403638559.4778294563293 150 146 146 124 115
1403638559.5278294086456 115 115 115 97 85
1403638559.5778295993805 150 149 149 124 120
1403638559.6278295516968 120 120 120 103 101
1403638559.6778295040131 150 147 147 131 128
1403638559.7278294563293 128 128 128 111 110
1403638559.7778294086456 150 146 146 125 121
1403638559.8278295993805 121 121 121 108 107
1403638559.8778295516968 150 146 145 126 120
1403638559.9278295040131 120 120 120 99 96
1403638559.9778294563293 150 146 146 127 118
1403638560.0278294086456 118 115 115 97 96
1403638560.0778295993805 150 143 142 121 109
1403638560.1278295516968 109 109 109 95 91
1403638560.1778295040131 150 146 146 124 110
1403638560.2278294563293 110 108 108 94 92
1403638560.2778294086456 150 146 144 127 110
1403638560.3278295993805 110 108 108 89 82
1403638560.3778295516968 150 138 137 116 107
1403638560.4278295040131 107 103 103 88 79
1403638560.4778294563293 150 145 143 128 112
1403638560.5278294086456 112 109 109 98 98
1403638560.5778295993805 150 144 144 126 111
1403638560.6278295516968 111 110 110 103 97
1403638560.6778295040131 150 143 142 129 117
1403638560.7278294563293 117 117 117 106 102
1403638560.7778294086456 150 145 144 132 120
1403638560.8278295993805 120 119 119 106 104
1403638560.8778295516968 150 141 141 120 116
1403638560.9278295040131 116 114 114 102 97
1403638560.9778294563293 150 144 144 132 120
1403638561.0278294086456 120 118 118 112 109
1403638561.0778295993805 150 147 146 130 124
1403638561.1278295516968 124 122 122 111 110
1403638561.1778295040131 150 144 144 125 120
1403638561.2278294563293 120 118 118 104 102
1403638561.2778294086456 150 145 145 135 125
1403638561.3278295993805 125 125 125 113 106
1403638561.3778295516968 150 148 148 136 129
1403638561.4278295040131 129 128 128 118 116
1403638561.4778294563293 150 148 148 135 130
1403638561.5278294086456 130 130 130 119 117
1403638561.5778295993805 150 148 148 135 133
1403638561.6278295516968 133 132 132 119 119
1403638561.6778295040131 150 147 147 138 134
1403638561.7278294563293 134 134 134 125 119
1403638561.7778294086456 150 148 148 135 127
1403638561.8278295993805 127 127 127 120 118
1403638561.8778295516968 150 149 149 134 128
1403638561.9278295040131 128 128 128 118 116
1403638561.9778294563293 150 148 148 134 127
1403638562.0278294086456 127 127 127 120 115
1403638562.0778295993805 150 148 148 136 130
1403638562.1278295516968 130 130 130 118 118
1403638562.1778295040131 150 147 147 135 127
1403638562.2278294563293 127 126 126 121 120
1403638562.2778294086456 150 148 148 137 130
1403638562.3278295993805 130 129 129 123 121
1403638562.3778295516968 150 146 146 116 111
1403638562.4278295040131 111 111 111 102 102
1403638562.4778294563293 150 147 147 136 132
1403638562.5278294086456 132 131 131 126 124
1403638562.5778295993805 150 144 144 136 123
1403638562.6278295516968 123 123 123 113 112
1403638562.6778295040131 150 146 146 135 131
1403638562.7278294563293 131 130 130 114 108
1403638562.7778294086456 150 148 147 132 128
1403638562.8278295993805 128 128 128 117 114
1403638562.8778295516968 150 148 148 136 128
1403638562.9278295040131 128 126 126 112 108
1403638562.9778294563293 150 144 144 126 114
1403638563.0278294086456 114 111 111 105 101
1403638563.0778295993805 150 145 145 126 118
1403638563.1278295516968 118 118 118 112 109
1403638563.1778295040131 150 146 146 135 129
1403638563.2278294563293 129 128 128 115 114
1403638563.2778294086456 150 148 148 133 125
1403638563.3278295993805 125 125 125 116 115
1403638563.3778295516968 150 148 148 128 125
1403638563.4278295040131 125 125 125 117 116
1403638563.4778294563293 150 147 147 140 139
1403638563.5278294086456 139 139 139 126 124
1403638563.5778295993805 150 149 149 137 131
1403638563.6278295516968 131 131 131 119 112
1403638563.6778295040131 150 150 149 131 127
1403638563.7278294563293 127 127 127 117 117
1403638563.7778294086456 150 150 150 136 132
1403638563.8278295993805 132 132 132 123 123
1403638563.8778295516968 150 150 150 138 131
1403638563.9278295040131 131 131 131 121 119
1403638563.9778294563293 150 150 150 140 138
1403638564.0278294086456 138 138 138 132 131
1403638564.0778295993805 150 150 150 135 134
1403638564.1278295516968 134 134 134 119 119
1403638564.1778295040131 150 150 149 138 135
1403638564.2278294563293 135 135 135 119 114
1403638564.2778294086456 150 150 149 129 129
1403638564.3278295993805 129 129 129 118 111
1403638564.3778295516968 150 150 150 135 132
1403638564.4278295040131 132 131 131 115 115
1403638564.4778294563293 150 150 150 131 128
1403638564.5278294086456 128 127 127 111 111
1403638564.5778295993805 150 150 150 133 131
1403638564.6278295516968 131 131 130 109 93
1403638564.6778295040131 150 150 150 140 139
1403638564.7278294563293 139 139 139 125 124
1403638564.7778294086456 150 150 150 127 120
1403638564.8278295993805 120 119 119 107 106
1403638564.8778295516968 150 150 149 130 123
1403638564.9278295040131 123 123 123 102 99
1403638564.9778294563293 150 150 150 125 116
1403638565.0278294086456 116 116 116 102 102
1403638565.0778295993805 150 150 148 125 115
1403638565.1278295516968 115 115 115 100 95
1403638565.1778295040131 150 149 147 110 104
1403638565.2278294563293 104 104 104 87 85
1403638565.2778294086456 150 149 148 111 95
1403638565.3278295993805 95 95 95 77 76
1403638565.3778295516968 150 149 149 115 95
1403638565.4278295040131 95 95 95 79 74
1403638565.4778294563293 150 145 143 113 103
1403638565.5278294086456 103 103 103 84 79
1403638565.5778295993805 150 148 146 121 105
1403638565.6278295516968 105 105 105 86 81
1403638565.6778295040131 150 146 146 108 97
1403638565.7278294563293 97 97 97 74 69
1403638565.7778294086456 150 148 148 104 97
1403638565.8278295993805 97 97 97 84 79
1403638565.8778295516968 150 148 147 116 100
1403638565.9278295040131 100 100 100 79 74
1403638565.9778294563293 150 150 149 119 109
1403638566.0278294086456 109 109 109 89 85
1403638566.0778295993805 150 149 148 113 99
1403638566.1278295516968 99 99 99 77 72
1403638566.1778295040131 150 149 149 125 108
1403638566.2278294563293 108 107 107 87 84
1403638566.2778294086456 150 148 147 108 91
1403638566.3278295993805 91 91 91 67 65
1403638566.3778295516968 150 149 148 123 110
1403638566.4278295040131 110 110 110 72 58
1403638566.4778294563293 150 149 149 127 114
1403638566.5278294086456 114 114 114 98 91
1403638566.5778295993805 150 148 148 109 82
1403638566.6278295516968 82 80 80 58 52
1403638566.6778295040131 150 142 140 107 96
1403638566.7278294563293 96 94 94 80 71
1403638566.7778294086456 150 145 145 104 78
1403638566.8278295993805 78 78 78 58 53
1403638566.8778295516968 150 145 139 116 95
1403638566.9278295040131 95 95 95 70 65
1403638566.9778294563293 150 146 145 104 91
1403638567.0278294086456 91 91 91 73 64
1403638567.0778295993805 150 142 142 109 95
1403638567.1278295516968 95 95 95 73 72
1403638567.1778295040131 150 145 144 110 93
1403638567.2278294563293 93 93 93 74 71
1403638567.2778294086456 150 149 148 119 105
1403638567.3278295993805 105 105 105 77 72
1403638567.3778295516968 150 148 148 119 102
1403638567.4278295040131 102 102 102 80 73
1403638567.4778294563293 150 145 143 115 103
1403638567.5278294086456 103 103 103 74 72
1403638567.5778295993805 150 146 146 108 96
1403638567.6278295516968 96 96 96 74 74
1403638567.6778295040131 150 147 147 91 84
1403638567.7278294563293 84 84 84 66 66
1403638567.7778294086456 150 145 145 116 103
1403638567.8278295993805 103 103 103 86 79
1403638567.8778295516968 150 150 150 117 112
1403638567.9278295040131 112 112 112 96 95
1403638567.9778294563293 150 149 149 118 112
1403638568.0278294086456 112 112 112 96 89
1403638568.0778295993805 150 148 148 129 118
1403638568.1278295516968 118 118 118 106 105
1403638568.1778295040131 150 148 148 118 117
1403638568.2278294563293 117 117 117 105 99
1403638568.2778294086456 150 150 150 128 126
1403638568.3278295993805 126 126 126 110 109
1403638568.3778295516968 150 149 148 127 120
1403638568.4278295040131 120 119 119 101 101
1403638568.4778294563293 150 150 150 123 122
1403638568.5278294086456 122 122 122 108 107
1403638568.5778295993805 150 150 150 129 127
1403638568.6278295516968 127 127 127 113 111
1403638568.6778295040131 150 147 147 125 123
1403638568.7278294563293 123 123 123 101 98
1403638568.7778294086456 150 148 148 127 125
1403638568.8278295993805 125 125 125 116 114
1403638568.8778295516968 150 149 149 120 118
1403638568.9278295040131 118 117 117 105 103
1403638568.9778294563293 150 150 150 136 135
1403638569.0278294086456 135 135 135 125 125
1403638569.0778295993805 150 148 148 134 130
1403638569.1278295516968 130 130 130 123 123
1403638569.1778295040131 150 149 149 127 127
1403638569.2278294563293 127 127 127 119 116
1403638569.2778294086456 150 149 149 136 136
1403638569.3278295993805 136 136 136 128 128
1403638569.3778295516968 150 150 150 138 138
1403638569.4278295040131 138 138 138 124 124
1403638569.4778294563293 150 150 150 147 147
1403638569.5278294086456 147 147 147 135 134
1403638569.5778295993805 150 150 150 142 141
1403638569.6278295516968 141 141 141 130 130
1403638569.6778295040131 150 150 150 144 144
1403638569.7278294563293 144 144 144 136 136
1403638569.7778294086456 150 149 149 144 144
1403638569.8278295993805 144 144 144 137 137
1403638569.8778295516968 150 148 148 137 137
1403638569.9278295040131 137 136 136 131 131
1403638569.9778294563293 150 149 149 142 142
1403638570.0278294086456 142 141 141 137 137
1403638570.0778295993805 150 150 150 149 149
1403638570.1278295516968 149 148 148 143 143
1403638570.1778295040131 150 150 150 142 142
1403638570.2278294563293 142 142 142 138 138
1403638570.2778294086456 150 150 150 139 139
1403638570.3278295993805 139 139 139 133 133
1403638570.3778295516968 150 149 149 139 139
1403638570.4278295040131 139 139 139 128 128
1403638570.4778294563293 150 148 148 132 130
1403638570.5278294086456 130 130 130 119 119
1403638570.5778295993805 150 147 146 130 129
1403638570.6278295516968 129 128 128 121 118
1403638570.6778295040131 150 145 145 109 108
1403638570.7278294563293 108 106 106 93 93
1403638570.7778294086456 150 145 145 118 118
1403638570.8278295993805 118 117 117 103 102
1403638570.8778295516968 150 144 144 124 124
1403638570.9278295040131 124 123 123 105 104
1403638570.9778294563293 150 142 137 97 95
1403638571.0278294086456 95 95 95 86 85
1403638571.0778295993805 150 147 146 128 116
1403638571.1278295516968 116 115 115 103 102
1403638571.1778295040131 150 144 143 120 116
1403638571.2278294563293 116 116 116 106 99
1403638571.2778294086456 150 145 144 130 129
1403638571.3278295993805 129 129 129 118 118
1403638571.3778295516968 150 148 148 130 123
1403638571.4278295040131 123 123 123 115 115
1403638571.4778294563293 150 146 145 121 117
1403638571.5278294086456 117 116 116 99 99
1403638571.5778295993805 150 149 149 132 128
1403638571.6278295516968 128 128 128 108 103
1403638571.6778295040131 150 148 148 127 124
1403638571.7278294563293 124 124 124 107 106
1403638571.7778294086456 150 146 146 128 117
1403638571.8278295993805 117 117 117 98 97
1403638571.8778295516968 150 147 147 131 119
1403638571.9278295040131 119 116 116 98 91
1403638571.9778294563293 150 146 146 132 119
1403638572.0278294086456 119 116 116 98 92
1403638572.0778295993805 150 145 145 134 131
1403638572.1278295516968 131 129 129 112 107
1403638572.1778295040131 150 140 140 122 115
1403638572.2278294563293 115 114 114 101 99
1403638572.2778294086456 150 144 143 123 116
1403638572.3278295993805 116 114 114 95 93
1403638572.3778295516968 150 146 146 126 111
1403638572.4278295040131 111 109 109 89 85
1403638572.4778294563293 150 142 142 118 114
1403638572.5278294086456 114 114 114 104 100
1403638572.5778295993805 150 145 145 133 119
1403638572.6278295516968 119 118 118 105 103
1403638572.6778295040131 150 148 148 136 125
1403638572.7278294563293 125 124 124 116 114
1403638572.7778294086456 150 146 146 128 123
1403638572.8278295993805 123 123 123 107 105
1403638572.8778295516968 150 143 142 126 120
1403638572.9278295040131 120 120 120 108 108
1403638572.9778294563293 150 146 146 105 98
1403638573.0278294086456 98 96 96 86 84
1403638573.0778295993805 150 146 146 135 128
1403638573.1278295516968 128 126 126 111 109
1403638573.1778295040131 150 148 148 130 128
1403638573.2278294563293 128 128 128 116 116
1403638573.2778294086456 150 148 148 130 124
1403638573.3278295993805 124 124 124 106 104
1403638573.3778295516968 150 147 147 130 124
1403638573.4278295040131 124 123 123 108 107
1403638573.4778294563293 150 144 144 119 105
1403638573.5278294086456 105 105 105 91 89
1403638573.5778295993805 150 145 145 115 108
1403638573.6278295516968 108 108 108 95 88
1403638573.6778295040131 150 149 149 117 109
1403638573.7278294563293 109 107 107 90 82
1403638573.7778294086456 150 139 138 107 103
1403638573.8278295993805 103 101 101 85 76
1403638573.8778295516968 150 144 142 109 85
1403638573.9278295040131 85 84 84 65 59
1403638573.9778294563293 150 140 140 100 85
1403638574.0278294086456 85 84 84 76 63
1403638574.0778295993805 150 140 140 106 95
1403638574.1278295516968 95 93 93 83 68
1403638574.1778295040131 150 142 142 115 94
1403638574.2278294563293 94 94 94 78 76
1403638574.2778294086456 150 143 142 113 101
1403638574.3278295993805 101 99 99 83 77
1403638574.3778295516968 150 145 145 83 68
1403638574.4278295040131 68 66 66 57 53
1403638574.4778294563293 150 142 141 113 100
1403638574.5278294086456 100 97 97 86 79
1403638574.5778295993805 150 145 145 122 107
1403638574.6278295516968 107 107 107 93 82
1403638574.6778295040131 150 145 145 109 100
1403638574.7278294563293 100 100 100 91 78
1403638574.7778294086456 144 141 141 125 110
1403638574.8278295993805 110 109 109 96 87
1403638574.8778295516968 146 140 140 114 103
1403638574.9278295040131 103 103 103 91 89
1403638574.9778294563293 150 146 146 120 108
1403638575.0278294086456 108 108 108 94 93
1403638575.0778295993805 150 147 147 118 110
1403638575.1278295516968 110 109 109 91 89
1403638575.1778295040131 150 145 144 121 113
1403638575.2278294563293 113 112 112 85 81
1403638575.2778294086456 150 143 143 117 112
1403638575.3278295993805 112 112 112 98 97
1403638575.3778295516968 150 145 145 124 120
1403638575.4278295040131 120 119 119 107 105
1403638575.4778294563293 150 145 145 120 115
1403638575.5278294086456 115 115 115 92 89
1403638575.5778295993805 150 143 143 120 116
1403638575.6278295516968 116 116 116 100 94
1403638575.6778295040131 150 143 143 116 112
1403638575.7278294563293 112 112 112 91 88
1403638575.7778294086456 150 142 142 106 102
1403638575.8278295993805 102 101 101 86 85
1403638575.8778295516968 150 138 138 109 105
1403638575.9278295040131 105 104 104 84 80
1403638575.9778294563293 150 142 142 115 107
1403638576.0278294086456 107 106 106 88 84
1403638576.0778295993805 150 136 136 99 94
1403638576.1278295516968 94 94 94 72 71
1403638576.1778295040131 150 141 140 103 96
1403638576.2278294563293 96 95 95 82 77
1403638576.2778294086456 139 129 129 97 87
1403638576.3278295993805 87 86 86 62 57
1403638576.3778295516968 117 109 109 86 81
1403638576.4278295040131 81 80 80 63 61
1403638576.4778294563293 150 139 139 95 88
1403638576.5278294086456 88 86 86 69 68
1403638576.5778295993805 150 138 138 103 96
1403638576.6278295516968 96 96 96 80 77
1403638576.6778295040131 150 143 143 106 100
1403638576.7278294563293 100 100 100 92 88
1403638576.7778294086456 150 141 141 98 96
1403638576.8278295993805 96 94 94 79 77
1403638576.8778295516968 136 131 131 97 93
1403638576.9278295040131 93 89 88 70 67
1403638576.9778294563293 131 122 122 84 79
1403638577.0278294086456 79 79 79 70 69
1403638577.0778295993805 150 140 140 97 88
1403638577.1278295516968 88 88 88 76 75
1403638577.1778295040131 111 106 106 87 85
1403638577.2278294563293 85 85 85 78 77
1403638577.2778294086456 148 139 139 97 94
1403638577.3278295993805 94 94 94 86 84
1403638577.3778295516968 150 143 143 99 96
1403638577.4278295040131 96 93 93 83 81
1403638577.4778294563293 150 139 139 89 87
1403638577.5278294086456 87 87 87 75 72
1403638577.5778295993805 150 148 148 89 89
1403638577.6278295516968 89 87 87 78 73
1403638577.6778295040131 128 122 122 90 85
1403638577.7278294563293 85 83 83 70 68
1403638577.7778294086456 122 119 119 90 83
1403638577.8278295993805 83 82 82 74 72
1403638577.8778295516968 127 123 123 81 81
1403638577.9278295040131 81 80 80 66 66
1403638577.9778294563293 150 147 147 97 89
1403638578.0278294086456 89 88 88 79 79
1403638578.0778295993805 150 147 146 99 95
1403638578.1278295516968 95 95 95 86 84
1403638578.1778295040131 150 143 143 99 94
1403638578.2278294563293 94 92 92 81 78
1403638578.2778294086456 150 143 143 96 91
1403638578.3278295993805 91 91 91 78 74
1403638578.3778295516968 150 141 141 88 81
1403638578.4278295040131 81 81 80 71 70
1403638578.4778294563293 138 130 130 96 92
1403638578.5278294086456 92 92 92 82 82
1403638578.5778295993805 150 139 139 91 85
1403638578.6278295516968 85 85 85 78 77
1403638578.6778295040131 123 119 119 97 93
1403638578.7278294563293 93 93 93 83 78
1403638578.7778294086456 111 106 106 89 87
1403638578.8278295993805 87 87 87 82 79
1403638578.8778295516968 140 135 135 99 92
1403638578.9278295040131 92 92 92 82 81
1403638578.9778294563293 118 112 112 91 89
1403638579.0278294086456 89 89 89 78 78
1403638579.0778295993805 150 144 144 103 100
1403638579.1278295516968 100 99 99 91 88
1403638579.1778295040131 127 120 120 96 94
1403638579.2278294563293 94 92 92 85 83
1403638579.2778294086456 120 114 114 92 90
1403638579.3278295993805 90 89 89 79 79
1403638579.3778295516968 150 142 142 102 94
1403638579.4278295040131 94 94 94 85 79
1403638579.4778294563293 126 121 121 88 85
1403638579.5278294086456 85 85 84 69 68
1403638579.5778295993805 139 126 126 89 83
1403638579.6278295516968 83 83 80 70 67
1403638579.6778295040131 116 109 108 87 81
1403638579.7278294563293 81 81 81 68 62
1403638579.7778294086456 145 135 135 99 93
1403638579.8278295993805 93 93 92 84 79
1403638579.8778295516968 99 97 97 87 83
1403638579.9278295040131 83 81 81 72 69
1403638579.9778294563293 116 112 112 85 80
1403638580.0278294086456 80 80 80 69 68
1403638580.0778295993805 116 103 102 80 75
1403638580.1278295516968 75 74 73 63 59
1403638580.1778295040131 103 98 97 61 52
1403638580.2278294563293 52 52 52 48 47
1403638580.2778294086456 101 96 96 68 62
1403638580.3278295993805 62 60 60 54 50
1403638580.3778295516968 92 90 88 68 63
1403638580.4278295040131 63 63 63 56 54
1403638580.4778294563293 75 72 72 66 61
1403638580.5278294086456 61 61 61 56 54
1403638580.5778295993805 124 124 123 81 77
1403638580.6278295516968 77 76 76 72 71
1403638580.6778295040131 89 86 84 75 74
1403638580.7278294563293 74 73 73 63 59
1403638580.7778294086456 128 125 125 79 72
1403638580.8278295993805 72 72 72 67 64
1403638580.8778295516968 110 108 107 85 81
1403638580.9278295040131 81 81 81 74 69
1403638580.9778294563293 150 148 147 105 100
1403638581.0278294086456 100 100 100 94 92
1403638581.0778295993805 150 146 145 110 104
1403638581.1278295516968 104 104 104 95 91
1403638581.1778295040131 150 139 139 105 99
1403638581.2278294563293 99 99 99 93 86
1403638581.2778294086456 108 104 103 90 82
1403638581.3278295993805 82 82 82 78 71
1403638581.3778295516968 150 142 141 92 81
1403638581.4278295040131 81 80 80 74 64
1403638581.4778294563293 90 86 86 72 65
1403638581.5278294086456 65 65 65 63 63
1403638581.5778295993805 150 143 140 96 89
1403638581.6278295516968 89 88 88 75 68
1403638581.6778295040131 111 108 108 79 74
1403638581.7278294563293 74 73 73 68 67
1403638581.7778294086456 96 93 93 72 70
1403638581.8278295993805 70 70 70 66 64
1403638581.8778295516968 99 97 97 77 75
1403638581.9278295040131 75 75 74 70 66
1403638581.9778294563293 82 80 80 73 71
1403638582.0278294086456 71 71 71 69 69
1403638582.0778295993805 125 125 125 90 88
1403638582.1278295516968 88 88 87 82 80
1403638582.1778295040131 103 99 97 82 79
1403638582.2278294563293 79 79 79 73 71
1403638582.2778294086456 87 87 87 78 73
1403638582.3278295993805 73 72 72 70 65
1403638582.3778295516968 128 122 119 88 84
1403638582.4278295040131 84 84 84 77 74
1403638582.4778294563293 92 92 91 79 75
1403638582.5278294086456 75 75 75 68 61
1403638582.5778295993805 91 91 91 76 71
1403638582.6278295516968 71 71 70 66 64
1403638582.6778295040131 77 77 76 68 67
1403638582.7278294563293 67 67 67 66 62
1403638582.7778294086456 74 74 74 66 65
1403638582.8278295993805 65 65 65 61 58
1403638582.8778295516968 89 89 89 68 67
1403638582.9278295040131 67 67 67 65 63
1403638582.9778294563293 70 69 69 66 62
1403638583.0278294086456 62 62 62 59 55
1403638583.0778295993805 64 64 64 59 56
1403638583.1278295516968 56 56 56 55 55
1403638583.1778295040131 70 70 69 61 61
1403638583.2278294563293 61 61 61 58 54
1403638583.2778294086456 79 79 79 66 66
1403638583.3278295993805 66 66 66 56 55
1403638583.3778295516968 68 68 68 66 66
1403638583.4278295040131 66 66 66 62 61
1403638583.4778294563293 117 117 112 87 85
1403638583.5278294086456 85 85 84 76 74
1403638583.5778295993805 83 83 83 72 68
1403638583.6278295516968 68 68 68 64 64
1403638583.6778295040131 83 83 83 74 68
1403638583.7278294563293 68 68 68 64 64
1403638583.7778294086456 113 112 111 86 85
1403638583.8278295993805 85 85 85 76 70
1403638583.8778295516968 83 83 83 75 69
1403638583.9278295040131 69 69 69 67 63
1403638583.9778294563293 76 76 76 63 63
1403638584.0278294086456 63 63 63 63 61
1403638584.0778295993805 77 77 77 67 66
1403638584.1278295516968 66 65 65 61 57
1403638584.1778295040131 101 95 95 82 79
1403638584.2278294563293 79 78 78 68 63
1403638584.2778294086456 97 91 91 70 69
1403638584.3278295993805 69 69 69 67 64
1403638584.3778295516968 96 96 95 79 77
1403638584.4278295040131 77 77 77 73 71
1403638584.4778294563293 77 77 76 70 67
1403638584.5278294086456 67 67 67 66 66
1403638584.5778295993805 92 92 91 70 70
1403638584.6278295516968 70 70 70 66 65
1403638584.6778295040131 84 84 84 69 64
1403638584.7278294563293 64 64 64 59 57
1403638584.7778294086456 91 91 90 77 71
1403638584.8278295993805 71 71 70 67 66
1403638584.8778295516968 109 108 108 87 80
1403638584.9278295040131 80 80 80 76 74
1403638584.9778294563293 115 115 114 94 87
1403638585.0278294086456 87 87 87 81 81
1403638585.0778295993805 117 117 117 82 79
1403638585.1278295516968 79 79 79 78 76
1403638585.1778295040131 86 86 85 79 76
1403638585.2278294563293 76 76 76 73 73
1403638585.2778294086456 121 121 121 94 92
1403638585.3278295993805 92 92 92 83 83
1403638585.3778295516968 90 90 90 85 84
1403638585.4278295040131 84 84 84 81 80
1403638585.4778294563293 131 131 131 102 100
1403638585.5278294086456 100 99 98 89 78
1403638585.5778295993805 91 91 91 82 80
1403638585.6278295516968 80 80 80 77 77
1403638585.6778295040131 103 103 103 83 81
1403638585.7278294563293 81 81 81 75 75
1403638585.7778294086456 143 141 139 103 96
1403638585.8278295993805 96 96 95 90 85
1403638585.8778295516968 135 134 132 98 97
1403638585.9278295040131 97 97 97 89 88
1403638585.9778294563293 136 136 135 85 81
1403638586.0278294086456 81 81 81 70 67
1403638586.0778295993805 133 130 127 94 92
1403638586.1278295516968 92 92 92 86 83
1403638586.1778295040131 137 137 135 92 90
1403638586.2278294563293 90 90 90 85 81
1403638586.2778294086456 130 128 127 106 99
1403638586.3278295993805 99 99 99 90 88
1403638586.3778295516968 99 99 99 88 86
1403638586.4278295040131 86 86 86 80 77
1403638586.4778294563293 93 93 93 83 83
1403638586.5278294086456 83 83 83 75 73
1403638586.5778295993805 91 91 91 77 73
1403638586.6278295516968 73 73 73 71 69
1403638586.6778295040131 92 92 92 82 82
1403638586.7278294563293 82 82 82 77 77
1403638586.7778294086456 127 127 127 97 94
1403638586.8278295993805 94 93 93 88 88
1403638586.8778295516968 130 130 130 103 101
1403638586.9278295040131 101 101 101 94 90
1403638586.9778294563293 139 139 138 104 100
1403638587.0278294086456 100 100 100 91 84
1403638587.0778295993805 110 110 110 87 83
1403638587.1278295516968 83 82 82 80 78
1403638587.1778295040131 138 137 136 102 99
1403638587.2278294563293 99 99 99 88 83
1403638587.2778294086456 106 106 106 91 87
1403638587.3278295993805 87 87 87 80 76
1403638587.3778295516968 145 145 145 104 98
1403638587.4278295040131 98 98 98 84 82
1403638587.4778294563293 150 150 150 92 86
1403638587.5278294086456 86 86 86 82 77
1403638587.5778295993805 135 135 135 103 98
1403638587.6278295516968 98 98 97 90 85
1403638587.6778295040131 131 131 130 105 96
1403638587.7278294563293 96 96 96 92 88
1403638587.7778294086456 124 124 124 102 98
1403638587.8278295993805 98 98 98 88 85
1403638587.8778295516968 114 114 114 101 97
1403638587.9278295040131 97 97 97 86 84
1403638587.9778294563293 149 148 147 106 93
1403638588.0278294086456 93 93 93 83 80
1403638588.0778295993805 112 112 111 99 95
1403638588.1278295516968 95 94 94 86 82
1403638588.1778295040131 147 145 145 111 101
1403638588.2278294563293 101 101 101 89 85
1403638588.2778294086456 126 126 126 96 93
1403638588.3278295993805 93 93 93 83 81
1403638588.3778295516968 150 150 150 113 102
1403638588.4278295040131 102 102 102 92 88
1403638588.4778294563293 141 141 141 107 95
1403638588.5278294086456 95 95 95 86 82
1403638588.5778295993805 117 116 116 99 92
1403638588.6278295516968 92 92 92 87 86
1403638588.6778295040131 133 133 133 105 97
1403638588.7278294563293 97 97 97 89 81
1403638588.7778294086456 126 126 126 102 92
1403638588.8278295993805 92 92 92 90 88
1403638588.8778295516968 142 142 142 118 100
1403638588.9278295040131 100 100 100 92 90
1403638588.9778294563293 150 150 150 112 103
1403638589.0278294086456 103 103 103 97 93
1403638589.0778295993805 150 150 150 115 106
1403638589.1278295516968 106 106 106 95 95
1403638589.1778295040131 149 148 148 116 109
1403638589.2278294563293 109 109 109 99 99
1403638589.2778294086456 138 138 137 117 109
1403638589.3278295993805 109 109 109 101 98
1403638589.3778295516968 145 145 145 114 106
1403638589.4278295040131 106 106 106 91 89
1403638589.4778294563293 137 137 137 112 108
1403638589.5278294086456 108 108 108 92 91
1403638589.5778295993805 150 150 149 118 110
1403638589.6278295516968 110 110 110 96 96
1403638589.6778295040131 150 150 149 117 110
1403638589.7278294563293 110 110 110 102 102
1403638589.7778294086456 150 149 149 122 117
1403638589.8278295993805 117 117 117 102 94
1403638589.8778295516968 135 134 134 110 103
1403638589.9278295040131 103 102 102 93 90
1403638589.9778294563293 145 143 142 120 110
1403638590.0278294086456 110 110 110 99 93
1403638590.0778295993805 141 141 140 119 110
1403638590.1278295516968 110 110 110 102 102
1403638590.1778295040131 150 150 150 130 124
1403638590.2278294563293 124 124 124 108 108
1403638590.2778294086456 143 143 141 122 117
1403638590.3278295993805 117 117 117 104 101
1403638590.3778295516968 150 150 150 129 123
1403638590.4278295040131 123 121 121 111 102
1403638590.4778294563293 145 145 145 128 124
1403638590.5278294086456 124 123 123 106 97
1403638590.5778295993805 150 148 148 120 116
1403638590.6278295516968 116 116 116 107 105
1403638590.6778295040131 140 139 139 116 110
1403638590.7278294563293 110 110 110 102 100
1403638590.7778294086456 150 150 150 127 125
1403638590.8278295993805 125 125 125 108 106
1403638590.8778295516968 150 150 150 122 121
1403638590.9278295040131 121 121 121 108 106
1403638590.9778294563293 150 150 150 139 133
1403638591.0278294086456 133 133 133 121 120
1403638591.0778295993805 150 150 150 127 118
1403638591.1278295516968 118 117 117 103 102
1403638591.1778295040131 150 147 145 118 116
1403638591.2278294563293 116 116 116 104 102
1403638591.2778294086456 150 146 146 99 95
1403638591.3278295993805 95 95 95 83 82
1403638591.3778295516968 150 146 145 127 120
1403638591.4278295040131 120 119 119 104 98
1403638591.4778294563293 150 148 147 121 114
1403638591.5278294086456 114 113 113 102 101
1403638591.5778295993805 150 147 146 125 125
1403638591.6278295516968 125 125 125 114 112
1403638591.6778295040131 150 150 150 135 132
1403638591.7278294563293 132 131 131 125 125
1403638591.7778294086456 150 149 149 133 130
1403638591.8278295993805 130 130 130 124 123
1403638591.8778295516968 150 149 149 131 125
1403638591.9278295040131 125 125 125 118 115
1403638591.9778294563293 150 148 148 134 132
1403638592.0278294086456 132 132 132 116 114
1403638592.0778295993805 150 147 147 113 112
1403638592.1278295516968 112 112 112 105 103
1403638592.1778295040131 150 144 143 126 113
1403638592.2278294563293 113 112 112 97 96
1403638592.2778294086456 150 144 144 124 119
1403638592.3278295993805 119 119 119 101 94
1403638592.3778295516968 150 140 138 96 89
1403638592.4278295040131 89 89 89 82 74
1403638592.4778294563293 150 145 144 131 118
1403638592.5278294086456 118 118 118 104 96
1403638592.5778295993805 150 149 148 129 124
1403638592.6278295516968 124 124 124 114 114
1403638592.6778295040131 150 147 147 127 119
1403638592.7278294563293 119 118 118 107 105
1403638592.7778294086456 150 146 146 128 119
1403638592.8278295993805 119 119 119 109 109
1403638592.8778295516968 150 149 149 131 130
1403638592.9278295040131 130 130 130 121 119
1403638592.9778294563293 150 150 150 132 125
1403638593.0278294086456 125 125 125 111 109
1403638593.0778295993805 150 148 148 134 128
1403638593.1278295516968 128 128 128 112 108
1403638593.1778295040131 150 146 145 125 122
1403638593.2278294563293 122 121 121 107 101
1403638593.2778294086456 150 147 146 128 123
1403638593.3278295993805 123 122 122 105 104
1403638593.3778295516968 150 146 146 128 119
1403638593.4278295040131 119 119 119 101 99
1403638593.4778294563293 150 148 147 122 116
1403638593.5278294086456 116 116 116 103 99
1403638593.5778295993805 150 148 148 126 120
1403638593.6278295516968 120 120 120 108 102
1403638593.6778295040131 150 149 149 133 132
1403638593.7278294563293 132 132 132 116 109
1403638593.7778294086456 150 148 148 126 121
1403638593.8278295993805 121 121 121 101 97
1403638593.8778295516968 150 144 143 118 111
1403638593.9278295040131 111 111 111 95 94
1403638593.9778294563293 150 148 148 131 126
1403638594.0278294086456 126 126 126 121 116
1403638594.0778295993805 150 149 148 128 122
1403638594.1278295516968 122 122 122 112 108
1403638594.1778295040131 150 145 144 126 125
1403638594.2278294563293 125 125 125 113 109
1403638594.2778294086456 150 150 150 128 126
1403638594.3278295993805 126 124 124 113 113
1403638594.3778295516968 149 148 148 130 128
1403638594.4278295040131 128 128 128 116 114
1403638594.4778294563293 150 147 147 118 116
1403638594.5278294086456 116 116 116 105 101
1403638594.5778295993805 146 145 145 133 132
1403638594.6278295516968 132 132 132 117 113
1403638594.6778295040131 148 148 148 127 123
1403638594.7278294563293 123 123 123 114 113
1403638594.7778294086456 150 150 150 131 122
1403638594.8278295993805 122 122 122 111 110
1403638594.8778295516968 150 150 150 133 132
1403638594.9278295040131 132 132 132 121 117
1403638594.9778294563293 150 150 150 133 131
1403638595.0278294086456 131 131 131 122 120
1403638595.0778295993805 150 150 150 135 135
1403638595.1278295516968 135 135 135 130 129
1403638595.1778295040131 150 150 150 147 146
1403638595.2278294563293 146 146 146 143 143
1403638595.2778294086456 150 150 150 142 142
1403638595.3278295993805 142 142 142 136 136
1403638595.3778295516968 150 150 150 138 138
1403638595.4278295040131 138 138 138 132 131
1403638595.4778294563293 150 149 149 137 136
1403638595.5278294086456 136 136 136 132 132
1403638595.5778295993805 150 149 149 143 142
1403638595.6278295516968 142 142 142 137 137
1403638595.6778295040131 150 150 150 143 141
1403638595.7278294563293 141 140 140 129 129
1403638595.7778294086456 150 150 150 139 139
1403638595.8278295993805 139 139 139 126 126
1403638595.8778295516968 150 150 150 136 134
1403638595.9278295040131 134 134 134 121 120
1403638595.9778294563293 150 150 150 142 142
1403638596.0278294086456 142 142 142 132 132
1403638596.0778295993805 150 146 146 130 128
1403638596.1278295516968 128 128 128 118 118
1403638596.1778295040131 150 149 149 134 133
1403638596.2278294563293 133 133 133 126 120
1403638596.2778294086456 150 148 148 133 132
1403638596.3278295993805 132 132 132 118 113
1403638596.3778295516968 150 150 150 133 131
1403638596.4278295040131 131 131 131 120 119
1403638596.4778294563293 150 150 150 111 110
1403638596.5278294086456 110 110 110 104 103
1403638596.5778295993805 150 150 150 141 140
1403638596.6278295516968 140 140 139 119 113
1403638596.6778295040131 150 150 150 132 131
1403638596.7278294563293 131 131 131 120 119
1403638596.7778294086456 150 148 148 125 116
1403638596.8278295993805 116 116 116 103 94
1403638596.8778295516968 150 150 150 122 114
1403638596.9278295040131 114 113 113 96 94
1403638596.9778294563293 150 148 148 121 116
1403638597.0278294086456 116 116 116 92 92
1403638597.0778295993805 150 150 150 116 112
1403638597.1278295516968 112 112 112 92 91
1403638597.1778295040131 150 150 150 121 113
1403638597.2278294563293 113 113 113 91 89
1403638597.2778294086456 150 149 149 122 111
1403638597.3278295993805 111 111 111 83 75
1403638597.3778295516968 150 149 149 118 110
1403638597.4278295040131 110 110 110 89 79
1403638597.4778294563293 150 146 146 107 94
1403638597.5278294086456 94 94 94 69 68
1403638597.5778295993805 150 147 146 115 98
1403638597.6278295516968 98 98 98 83 78
1403638597.6778295040131 150 148 148 120 109
1403638597.7278294563293 109 109 109 85 81
1403638597.7778294086456 150 150 149 122 112
1403638597.8278295993805 112 112 112 91 86
1403638597.8778295516968 150 149 148 114 103
1403638597.9278295040131 103 103 103 84 79
1403638597.9778294563293 150 149 149 115 109
1403638598.0278294086456 109 109 109 88 87
1403638598.0778295993805 150 148 148 105 93
1403638598.1278295516968 93 93 93 69 64
1403638598.1778295040131 150 149 148 114 100
1403638598.2278294563293 100 100 100 72 69
1403638598.2778294086456 150 150 150 118 96
1403638598.3278295993805 96 95 95 77 69
1403638598.3778295516968 150 149 149 104 98
1403638598.4278295040131 98 98 98 69 69
1403638598.4778294563293 150 148 147 116 111
1403638598.5278294086456 111 111 111 89 86
1403638598.5778295993805 150 149 147 115 106
1403638598.6278295516968 106 106 106 87 75
1403638598.6778295040131 150 148 148 115 108
1403638598.7278294563293 108 108 108 86 82
1403638598.7778294086456 150 150 150 113 105
1403638598.8278295993805 105 105 105 86 83
1403638598.8778295516968 150 150 149 116 104
1403638598.9278295040131 104 103 103 79 74
1403638598.9778294563293 150 148 147 110 95
1403638599.0278294086456 95 95 95 68 65
1403638599.0778295993805 150 145 145 123 105
1403638599.1278295516968 105 105 105 78 74
1403638599.1778295040131 150 148 147 108 93
1403638599.2278294563293 93 93 93 76 74
1403638599.2778294086456 150 147 146 114 94
1403638599.3278295993805 94 94 94 74 72
1403638599.3778295516968 150 148 145 95 88
1403638599.4278295040131 88 88 88 71 68
1403638599.4778294563293 150 149 149 127 115
1403638599.5278294086456 115 114 114 91 87
1403638599.5778295993805 150 148 146 122 110
1403638599.6278295516968 110 110 110 84 79
1403638599.6778295040131 150 146 146 117 100
1403638599.7278294563293 100 100 100 79 78
1403638599.7778294086456 150 147 146 115 107
1403638599.8278295993805 107 107 107 88 81
1403638599.8778295516968 150 148 147 100 82
1403638599.9278295040131 82 82 82 70 68
1403638599.9778294563293 150 148 146 124 111
1403638600.0278294086456 111 111 111 73 70
1403638600.0778295993805 150 147 145 110 95
1403638600.1278295516968 95 95 94 84 79
1403638600.1778295040131 150 147 145 91 72
1403638600.2278294563293 72 71 71 59 56
1403638600.2778294086456 150 147 146 103 92
1403638600.3278295993805 92 92 92 72 65
1403638600.3778295516968 150 144 143 102 89
1403638600.4278295040131 89 89 89 66 61
1403638600.4778294563293 150 140 140 97 89
1403638600.5278294086456 89 89 89 78 76
1403638600.5778295993805 150 143 143 105 101
1403638600.6278295516968 101 101 101 81 76
1403638600.6778295040131 150 146 146 92 85
1403638600.7278294563293 85 83 83 68 66
1403638600.7778294086456 150 146 143 110 96
1403638600.8278295993805 96 95 95 81 76
1403638600.8778295516968 150 149 149 114 105
1403638600.9278295040131 105 105 105 85 76
1403638600.9778294563293 150 148 148 117 101
1403638601.0278294086456 101 100 100 82 81
1403638601.0778295993805 150 149 148 113 101
1403638601.1278295516968 101 99 99 84 79
1403638601.1778295040131 150 149 149 107 91
1403638601.2278294563293 91 89 89 70 69
1403638601.2778294086456 150 145 144 111 95
1403638601.3278295993805 95 95 94 80 75
1403638601.3778295516968 150 143 142 106 91
1403638601.4278295040131 91 91 91 75 74
1403638601.4778294563293 150 145 145 118 102
1403638601.5278294086456 102 101 101 87 80
1403638601.5778295993805 150 146 145 113 104
1403638601.6278295516968 104 102 102 89 81
1403638601.6778295040131 150 146 145 89 80
1403638601.7278294563293 80 79 79 67 64
1403638601.7778294086456 150 146 145 122 106
1403638601.8278295993805 106 104 104 87 74
1403638601.8778295516968 150 143 142 123 110
1403638601.9278295040131 110 110 110 95 83
1403638601.9778294563293 150 142 139 103 81
1403638602.0278294086456 81 80 80 70 61
1403638602.0778295993805 150 144 144 128 122
1403638602.1278295516968 122 121 121 101 97
1403638602.1778295040131 150 145 145 129 121
1403638602.2278294563293 121 121 120 104 93
1403638602.2778294086456 150 142 141 121 111
1403638602.3278295993805 111 109 109 100 94
1403638602.3778295516968 150 139 138 97 80
1403638602.4278295040131 80 75 75 65 56
1403638602.4778294563293 150 133 133 119 100
1403638602.5278294086456 100 99 99 86 77
1403638602.5778295993805 150 132 127 112 93
1403638602.6278295516968 93 92 92 78 68
1403638602.6778295040131 150 142 141 126 115
1403638602.7278294563293 115 115 115 104 96
1403638602.7778294086456 150 143 142 123 105
1403638602.8278295993805 105 105 105 98 92
1403638602.8778295516968 150 147 147 132 123
1403638602.9278295040131 123 122 122 115 105
1403638602.9778294563293 150 144 143 130 114
1403638603.0278294086456 114 111 111 105 94
1403638603.0778295993805 150 148 147 131 110
1403638603.1278295516968 110 110 110 98 87
1403638603.1778295040131 150 149 148 139 130
1403638603.2278294563293 130 129 129 118 106
1403638603.2778294086456 150 148 145 130 117
1403638603.3278295993805 117 116 116 109 101
1403638603.3778295516968 150 147 145 131 122
1403638603.4278295040131 122 122 122 113 109
1403638603.4778294563293 150 150 147 127 122
1403638603.5278294086456 122 121 121 113 113
1403638603.5778295993805 150 148 148 134 129
1403638603.6278295516968 129 127 127 107 107
1403638603.6778295040131 150 144 144 130 124
1403638603.7278294563293 124 124 124 116 115
1403638603.7778294086456 150 146 145 132 128
1403638603.8278295993805 128 128 128 115 115
1403638603.8778295516968 150 149 148 136 132
1403638603.9278295040131 132 131 131 120 111
1403638603.9778294563293 150 149 149 136 130
1403638604.0278294086456 130 130 130 117 116
1403638604.0778295993805 150 149 149 140 136
1403638604.1278295516968 136 136 136 120 116
1403638604.1778295040131 150 150 150 139 127
1403638604.2278294563293 127 127 127 112 112
1403638604.2778294086456 150 150 150 131 124
1403638604.3278295993805 124 124 123 108 101
1403638604.3778295516968 150 150 145 123 112
1403638604.4278295040131 112 112 112 102 100
1403638604.4778294563293 150 150 149 104 102
1403638604.5278294086456 102 102 102 89 87
1403638604.5778295993805 150 149 147 138 127
1403638604.6278295516968 127 127 127 111 109
1403638604.6778295040131 150 149 149 125 122
1403638604.7278294563293 122 122 122 108 103
1403638604.7778294086456 150 149 149 128 109
1403638604.8278295993805 109 109 109 98 93
1403638604.8778295516968 150 150 150 136 124
1403638604.9278295040131 124 124 124 112 111
1403638604.9778294563293 150 149 148 132 127
1403638605.0278294086456 127 127 127 107 105
1403638605.0778295993805 150 149 149 130 120
1403638605.1278295516968 120 120 120 109 108
1403638605.1778295040131 150 148 148 131 129
1403638605.2278294563293 129 129 129 116 116
1403638605.2778294086456 150 150 150 134 132
1403638605.3278295993805 132 132 132 123 121
1403638605.3778295516968 150 149 149 135 133
1403638605.4278295040131 133 133 133 118 118
1403638605.4778294563293 150 149 149 127 120
1403638605.5278294086456 120 120 120 107 105
1403638605.5778295993805 150 149 149 128 128
1403638605.6278295516968 128 128 128 116 111
1403638605.6778295040131 150 150 150 125 121
1403638605.7278294563293 121 121 121 106 104
1403638605.7778294086456 150 150 150 135 133
1403638605.8278295993805 133 133 133 114 114
1403638605.8778295516968 150 150 150 124 122
1403638605.9278295040131 122 122 122 104 102
1403638605.9778294563293 150 150 150 133 124
1403638606.0278294086456 124 124 124 107 105
1403638606.0778295993805 150 150 149 133 132
1403638606.1278295516968 132 132 132 113 110
1403638606.1778295040131 150 150 150 129 126
1403638606.2278294563293 126 126 126 109 109
1403638606.2778294086456 150 150 149 123 111
1403638606.3278295993805 111 111 111 90 84
1403638606.3778295516968 150 148 146 117 106
1403638606.4278295040131 106 106 106 91 91
1403638606.4778294563293 150 149 149 122 108
1403638606.5278294086456 108 108 108 92 83
1403638606.5778295993805 150 148 147 120 106
1403638606.6278295516968 106 106 106 92 91
1403638606.6778295040131 150 147 147 116 104
1403638606.7278294563293 104 104 104 87 80
1403638606.7778294086456 150 143 142 118 110
1403638606.8278295993805 110 109 109 91 81
1403638606.8778295516968 150 145 145 124 110
1403638606.9278295040131 110 109 109 94 86
1403638606.9778294563293 150 147 147 125 109
1403638607.0278294086456 109 108 108 96 88
1403638607.0778295993805 150 145 145 124 117
1403638607.1278295516968 117 115 115 90 86
1403638607.1778295040131 150 145 144 127 124
1403638607.2278294563293 124 122 122 107 102
1403638607.2778294086456 150 142 142 121 120
1403638607.3278295993805 120 118 118 90 90
1403638607.3778295516968 150 143 143 128 112
1403638607.4278295040131 112 112 112 94 94
1403638607.4778294563293 150 144 144 129 119
1403638607.5278294086456 119 119 119 104 104
1403638607.5778295993805 150 148 148 128 119
1403638607.6278295516968 119 118 118 103 102
1403638607.6778295040131 150 148 148 124 120
1403638607.7278294563293 120 120 120 104 100
1403638607.7778294086456 150 148 148 131 122
1403638607.8278295993805 122 121 121 104 103
1403638607.8778295516968 150 147 147 127 123
1403638607.9278295040131 123 123 123 103 97
1403638607.9778294563293 150 147 147 130 118
1403638608.0278294086456 118 116 116 94 92
1403638608.0778295993805 150 148 148 129 127
1403638608.1278295516968 127 127 127 105 104
1403638608.1778295040131 150 149 149 126 122
1403638608.2278294563293 122 121 121 91 87
1403638608.2778294086456 150 145 144 116 113
1403638608.3278295993805 113 113 113 98 98
1403638608.3778295516968 150 148 148 121 114
1403638608.4278295040131 114 114 114 105 99
1403638608.4778294563293 150 148 147 125 111
1403638608.5278294086456 111 111 111 93 92
1403638608.5778295993805 150 150 150 131 108
1403638608.6278295516968 108 107 107 95 91
1403638608.6778295040131 150 146 146 127 107
1403638608.7278294563293 107 106 106 87 86
1403638608.7778294086456 150 149 149 131 119
1403638608.8278295993805 119 119 119 100 100
1403638608.8778295516968 150 145 145 125 120
1403638608.9278295040131 120 120 120 99 98
1403638608.9778294563293 150 149 148 130 122
1403638609.0278294086456 122 122 122 108 107
1403638609.0778295993805 150 149 149 136 126
1403638609.1278295516968 126 126 126 108 101
1403638609.1778295040131 150 149 149 140 133
1403638609.2278294563293 133 133 133 115 112
1403638609.2778294086456 150 146 146 130 123
1403638609.3278295993805 123 123 123 112 109
1403638609.3778295516968 150 150 150 134 128
1403638609.4278295040131 128 128 128 116 116
1403638609.4778294563293 150 149 149 131 116
1403638609.5278294086456 116 115 115 106 104
1403638609.5778295993805 150 148 148 131 120
1403638609.6278295516968 120 120 120 110 106
1403638609.6778295040131 150 145 145 127 120
1403638609.7278294563293 120 119 119 110 101
1403638609.7778294086456 150 146 146 131 125
1403638609.8278295993805 125 125 125 113 106
1403638609.8778295516968 150 149 149 138 134
1403638609.9278295040131 134 134 134 124 122
1403638609.9778294563293 150 148 148 131 126
1403638610.0278294086456 126 125 125 118 118
1403638610.0778295993805 150 148 148 137 130
1403638610.1278295516968 130 130 130 123 119
1403638610.1778295040131 150 149 149 136 130
1403638610.2278294563293 130 130 130 123 122
1403638610.2778294086456 150 150 150 139 137
1403638610.3278295993805 137 137 137 133 133
1403638610.3778295516968 150 150 150 133 117
1403638610.4278295040131 117 117 117 110 108
1403638610.4778294563293 150 150 150 138 133
1403638610.5278294086456 133 133 133 122 122
1403638610.5778295993805 150 148 148 126 119
1403638610.6278295516968 119 118 118 109 107
1403638610.6778295040131 150 150 150 140 139
1403638610.7278294563293 139 139 139 121 110
1403638610.7778294086456 150 149 148 134 126
1403638610.8278295993805 126 126 126 110 106
1403638610.8778295516968 150 147 147 126 122
1403638610.9278295040131 122 120 120 110 107
1403638610.9778294563293 150 149 149 135 133
1403638611.0278294086456 133 133 133 121 120
1403638611.0778295993805 150 149 149 134 129
1403638611.1278295516968 129 129 129 123 121
1403638611.1778295040131 150 150 149 135 123
1403638611.2278294563293 123 123 123 109 106
1403638611.2778294086456 150 149 149 121 112
1403638611.3278295993805 112 112 112 105 105
1403638611.3778295516968 150 148 148 122 118
1403638611.4278295040131 118 117 117 103 99
1403638611.4778294563293 150 147 147 130 127
1403638611.5278294086456 127 127 127 113 110
1403638611.5778295993805 150 149 147 125 122
1403638611.6278295516968 122 122 122 105 103
1403638611.6778295040131 150 150 149 132 132
1403638611.7278294563293 132 130 130 121 119
1403638611.7778294086456 150 150 150 133 125
1403638611.8278295993805 125 125 125 115 110
1403638611.8778295516968 150 150 150 133 130
1403638611.9278295040131 130 130 130 116 115
1403638611.9778294563293 150 150 150 132 132
1403638612.0278294086456 132 132 132 118 118
1403638612.0778295993805 150 148 148 128 128
1403638612.1278295516968 128 128 128 114 114
1403638612.1778295040131 150 150 150 125 125
1403638612.2278294563293 125 125 125 112 112
1403638612.2778294086456 150 150 150 108 107
1403638612.3278295993805 107 107 107 100 100
1403638612.3778295516968 150 150 149 135 134
1403638612.4278295040131 134 134 134 130 130
1403638612.4778294563293 150 150 150 143 142
1403638612.5278294086456 142 142 142 125 123
1403638612.5778295993805 150 150 150 136 133
1403638612.6278295516968 133 131 131 120 110
1403638612.6778295040131 150 149 148 130 128
1403638612.7278294563293 128 128 128 116 114
1403638612.7778294086456 150 150 150 134 132
1403638612.8278295993805 132 132 132 121 121
1403638612.8778295516968 150 150 150 137 134
1403638612.9278295040131 134 134 134 121 119
1403638612.9778294563293 150 150 150 137 134
1403638613.0278294086456 134 134 134 118 117
1403638613.0778295993805 150 150 150 132 131
1403638613.1278295516968 131 131 131 119 118
1403638613.1778295040131 150 148 148 134 132
1403638613.2278294563293 132 132 132 123 123
1403638613.2778294086456 150 150 150 137 137
1403638613.3278295993805 137 137 137 123 123
1403638613.3778295516968 150 150 150 126 126
1403638613.4278295040131 126 126 126 114 112
1403638613.4778294563293 150 150 150 129 129
1403638613.5278294086456 129 129 129 115 115
1403638613.5778295993805 150 150 149 137 137
1403638613.6278295516968 137 137 137 122 122
1403638613.6778295040131 150 150 150 132 129
1403638613.7278294563293 129 128 128 119 114
1403638613.7778294086456 150 149 149 127 123
1403638613.8278295993805 123 123 123 111 108
1403638613.8778295516968 150 149 149 127 122
1403638613.9278295040131 122 122 122 106 105
1403638613.9778294563293 150 149 149 131 120
1403638614.0278294086456 120 119 119 110 107
1403638614.0778295993805 150 147 147 101 96
1403638614.1278295516968 96 96 96 82 75
1403638614.1778295040131 150 145 144 121 106
1403638614.2278294563293 106 105 105 95 95
1403638614.2778294086456 150 145 144 132 126
1403638614.3278295993805 126 126 126 110 106
1403638614.3778295516968 150 149 149 123 117
1403638614.4278295040131 117 117 117 102 101
1403638614.4778294563293 150 148 148 124 122
1403638614.5278294086456 122 122 122 103 103
1403638614.5778295993805 150 148 148 98 97
1403638614.6278295516968 97 97 97 87 85
1403638614.6778295040131 150 149 149 136 130
1403638614.7278294563293 130 129 129 104 103
1403638614.7778294086456 150 146 146 123 121
1403638614.8278295993805 121 121 121 102 100
1403638614.8778295516968 150 146 146 111 109
1403638614.9278295040131 109 109 109 91 89
1403638614.9778294563293 150 146 145 119 114
1403638615.0278294086456 114 112 112 99 95
1403638615.0778295993805 150 148 147 120 109
1403638615.1278295516968 109 107 107 84 77
1403638615.1778295040131 150 140 137 110 94
1403638615.2278294563293 94 94 94 82 73
1403638615.2778294086456 150 143 142 125 103
1403638615.3278295993805 103 100 100 87 76
1403638615.3778295516968 150 143 142 120 97
1403638615.4278295040131 97 95 95 82 76
1403638615.4778294563293 150 141 141 118 92
1403638615.5278294086456 92 91 91 68 62
1403638615.5778295993805 150 145 145 123 105
1403638615.6278295516968 105 103 103 67 54
1403638615.6778295040131 150 145 144 115 103
1403638615.7278294563293 103 102 102 76 75
1403638615.7778294086456 150 148 144 91 69
1403638615.8278295993805 69 68 68 55 53
1403638615.8778295516968 150 147 147 119 106
1403638615.9278295040131 106 106 106 84 69
1403638615.9778294563293 150 147 147 116 108
1403638616.0278294086456 108 108 108 88 87
1403638616.0778295993805 150 148 148 128 116
1403638616.1278295516968 116 113 113 93 83
1403638616.1778295040131 150 146 146 122 110
1403638616.2278294563293 110 108 108 96 94
1403638616.2778294086456 150 148 148 126 116
1403638616.3278295993805 116 115 115 95 93
1403638616.3778295516968 150 142 142 120 113
1403638616.4278295040131 113 112 112 93 93
1403638616.4778294563293 150 148 148 131 121
1403638616.5278294086456 121 121 121 103 102
1403638616.5778295993805 150 146 146 121 111
1403638616.6278295516968 111 111 111 86 86
1403638616.6778295040131 150 144 144 113 105
1403638616.7278294563293 105 104 104 95 94
1403638616.7778294086456 150 144 143 120 113
1403638616.8278295993805 113 113 113 98 96
1403638616.8778295516968 150 146 146 104 88
1403638616.9278295040131 88 88 88 78 76
1403638616.9778294563293 150 148 148 121 114
1403638617.0278294086456 114 114 114 104 100
1403638617.0778295993805 150 148 147 128 123
1403638617.1278295516968 123 121 121 103 98
1403638617.1778295040131 150 146 146 127 117
1403638617.2278294563293 117 117 117 108 108
1403638617.2778294086456 150 145 145 127 125
1403638617.3278295993805 125 125 125 115 107
1403638617.3778295516968 150 141 141 120 109
1403638617.4278295040131 109 109 109 92 88
1403638617.4778294563293 150 142 142 126 119
1403638617.5278294086456 119 119 119 102 101
1403638617.5778295993805 150 149 149 131 120
1403638617.6278295516968 120 120 120 103 101
1403638617.6778295040131 150 149 148 94 94
1403638617.7278294563293 94 94 94 82 82
1403638617.7778294086456 150 146 145 122 116
1403638617.8278295993805 116 116 116 106 103
1403638617.8778295516968 150 149 149 126 125
1403638617.9278295040131 125 125 125 109 107
1403638617.9778294563293 150 148 148 131 129
1403638618.0278294086456 129 129 129 109 107
1403638618.0778295993805 150 147 147 132 129
1403638618.1278295516968 129 129 129 114 110
1403638618.1778295040131 150 147 147 122 121
1403638618.2278294563293 121 121 121 113 107
1403638618.2778294086456 150 145 145 123 118
1403638618.3278295993805 118 118 118 107 106
1403638618.3778295516968 150 146 146 130 126
1403638618.4278295040131 126 126 126 114 114
1403638618.4778294563293 150 145 145 130 123
1403638618.5278294086456 123 123 123 102 101
1403638618.5778295993805 150 146 146 126 126
1403638618.6278295516968 126 126 126 112 111
1403638618.6778295040131 150 147 147 122 120
1403638618.7278294563293 120 120 120 110 109
1403638618.7778294086456 150 142 142 123 119
1403638618.8278295993805 119 119 119 106 106
1403638618.8778295516968 150 147 147 115 113
1403638618.9278295040131 113 113 113 103 101
1403638618.9778294563293 150 145 144 119 114
1403638619.0278294086456 114 113 113 100 100
1403638619.0778295993805 150 147 147 117 108
1403638619.1278295516968 108 106 106 94 92
1403638619.1778295040131 150 146 145 128 112
1403638619.2278294563293 112 110 108 92 89
1403638619.2778294086456 150 147 147 125 118
1403638619.3278295993805 118 116 116 102 95
1403638619.3778295516968 150 142 141 124 113
1403638619.4278295040131 113 111 111 100 100
1403638619.4778294563293 150 145 143 127 127
1403638619.5278294086456 127 127 127 112 108
1403638619.5778295993805 150 147 147 132 130
1403638619.6278295516968 130 130 130 120 119
1403638619.6778295040131 150 150 150 138 136
1403638619.7278294563293 136 136 136 121 114
1403638619.7778294086456 150 148 148 133 131
1403638619.8278295993805 131 131 131 120 117
1403638619.8778295516968 150 149 149 136 135
1403638619.9278295040131 135 135 135 123 123
1403638619.9778294563293 150 149 149 140 139
1403638620.0278294086456 139 139 139 134 134
1403638620.0778295993805 150 150 150 142 141
1403638620.1278295516968 141 140 140 131 131
1403638620.1778295040131 150 149 149 138 134
1403638620.2278294563293 134 134 134 124 124
1403638620.2778294086456 150 148 148 133 133
1403638620.3278295993805 133 133 133 121 118
1403638620.3778295516968 150 149 149 131 129
1403638620.4278295040131 129 129 129 125 125
1403638620.4778294563293 150 148 148 133 133
1403638620.5278294086456 133 132 132 125 122
1403638620.5778295993805 150 149 149 148 148
1403638620.6278295516968 148 147 147 138 135
1403638620.6778295040131 150 149 149 140 135
1403638620.7278294563293 135 135 135 125 125
1403638620.7778294086456 150 150 150 134 133
1403638620.8278295993805 133 133 133 120 120
1403638620.8778295516968 150 147 147 129 129
1403638620.9278295040131 129 129 129 119 119
1403638620.9778294563293 150 148 148 131 130
1403638621.0278294086456 130 129 129 117 117
1403638621.0778295993805 150 148 148 130 129
1403638621.1278295516968 129 128 128 109 108
1403638621.1778295040131 150 148 148 129 128
1403638621.2278294563293 128 128 128 116 116
1403638621.2778294086456 150 149 149 129 129
1403638621.3278295993805 129 129 129 120 119
1403638621.3778295516968 150 149 149 131 131
1403638621.4278295040131 131 131 131 120 120
1403638621.4778294563293 150 149 149 136 135
1403638621.5278294086456 135 135 135 122 122
1403638621.5778295993805 150 148 148 135 135
1403638621.6278295516968 135 134 134 123 123
1403638621.6778295040131 150 150 150 141 140
1403638621.7278294563293 140 139 139 131 131
1403638621.7778294086456 150 147 147 128 128
1403638621.8278295993805 128 127 127 115 115
1403638621.8778295516968 150 147 147 135 135
1403638621.9278295040131 135 135 135 126 126
1403638621.9778294563293 150 147 147 137 137
1403638622.0278294086456 137 137 137 134 134
1403638622.0778295993805 150 150 150 138 137
1403638622.1278295516968 137 136 136 128 128
1403638622.1778295040131 150 150 150 143 142
1403638622.2278294563293 142 142 142 132 132
1403638622.2778294086456 150 149 149 141 141
1403638622.3278295993805 141 141 141 132 132
1403638622.3778295516968 150 150 150 140 139
1403638622.4278295040131 139 139 139 130 130
1403638622.4778294563293 150 150 150 134 134
1403638622.5278294086456 134 134 134 129 129
1403638622.5778295993805 150 150 150 121 121
1403638622.6278295516968 121 121 121 116 116
1403638622.6778295040131 150 146 146 134 132
1403638622.7278294563293 132 131 131 120 119
1403638622.7778294086456 150 145 145 124 122
1403638622.8278295993805 122 122 122 114 114
1403638622.8778295516968 150 150 150 141 141
1403638622.9278295040131 141 141 141 131 131
1403638622.9778294563293 150 150 148 133 133
1403638623.0278294086456 133 133 133 126 126
1403638623.0778295993805 150 148 148 136 136
1403638623.1278295516968 136 136 136 129 129
1403638623.1778295040131 150 149 149 137 137
1403638623.2278294563293 137 137 137 130 130
1403638623.2778294086456 150 149 149 139 139
1403638623.3278295993805 139 139 139 131 131
1403638623.3778295516968 150 150 150 137 137
1403638623.4278295040131 137 136 136 130 130
1403638623.4778294563293 150 150 150 136 136
1403638623.5278294086456 136 136 136 127 127
1403638623.5778295993805 150 150 150 143 143
1403638623.6278295516968 143 143 143 132 130
1403638623.6778295040131 150 150 150 136 136
1403638623.7278294563293 136 136 136 129 129
1403638623.7778294086456 150 150 150 140 140
1403638623.8278295993805 140 140 140 135 135
1403638623.8778295516968 150 149 149 136 136
1403638623.9278295040131 136 136 136 125 125
1403638623.9778294563293 150 150 150 135 135
1403638624.0278294086456 135 135 135 125 125
1403638624.0778295993805 150 150 150 120 119
1403638624.1278295516968 119 119 119 111 111
1403638624.1778295040131 150 150 150 137 137
1403638624.2278294563293 137 137 137 126 125
1403638624.2778294086456 150 150 150 142 138
1403638624.3278295993805 138 138 138 130 130
1403638624.3778295516968 150 150 150 137 136
1403638624.4278295040131 136 136 136 127 124
1403638624.4778294563293 150 150 150 137 137
1403638624.5278294086456 137 137 137 127 125
1403638624.5778295993805 150 150 150 116 116
1403638624.6278295516968 116 116 116 101 99
1403638624.6778295040131 150 150 150 143 143
1403638624.7278294563293 143 141 141 131 130
1403638624.7778294086456 150 146 146 135 133
1403638624.8278295993805 133 133 133 126 126
1403638624.8778295516968 150 150 148 133 133
1403638624.9278295040131 133 133 133 121 121
1403638624.9778294563293 150 150 150 119 118
1403638625.0278294086456 118 118 118 113 113
1403638625.0778295993805 150 150 150 141 138
1403638625.1278295516968 138 138 138 131 130
1403638625.1778295040131 150 150 150 141 140
1403638625.2278294563293 140 140 140 133 132
1403638625.2778294086456 150 150 150 138 134
1403638625.3278295993805 134 134 134 123 123
1403638625.3778295516968 150 150 150 142 142
1403638625.4278295040131 142 142 142 132 132
1403638625.4778294563293 150 150 150 139 139
1403638625.5278294086456 139 139 139 129 129
1403638625.5778295993805 150 150 150 139 139
1403638625.6278295516968 139 139 139 132 132
1403638625.6778295040131 150 150 150 138 138
1403638625.7278294563293 138 138 138 126 126
1403638625.7778294086456 150 148 148 127 127
1403638625.8278295993805 127 127 127 119 118
1403638625.8778295516968 150 149 147 135 135
1403638625.9278295040131 135 135 135 127 125
1403638625.9778294563293 150 150 150 142 141
1403638626.0278294086456 141 141 141 128 128
1403638626.0778295993805 150 150 149 138 137
1403638626.1278295516968 137 137 137 133 133
1403638626.1778295040131 150 150 148 135 135
1403638626.2278294563293 135 135 135 124 124
1403638626.2778294086456 150 150 150 141 140
1403638626.3278295993805 140 140 140 133 125
1403638626.3778295516968 150 150 150 138 138
1403638626.4278295040131 138 138 138 132 132
1403638626.4778294563293 150 150 150 142 139
1403638626.5278294086456 139 139 139 125 123
1403638626.5778295993805 150 150 150 136 136
1403638626.6278295516968 136 136 136 128 127
1403638626.6778295040131 150 150 149 131 130
1403638626.7278294563293 130 130 130 121 119
1403638626.7778294086456 150 149 147 135 134
1403638626.8278295993805 134 134 134 126 124
1403638626.8778295516968 150 149 149 137 137
1403638626.9278295040131 137 137 137 126 126
1403638626.9778294563293 150 150 150 115 114
1403638627.0278294086456 114 114 114 108 108
1403638627.0778295993805 150 150 150 131 128
1403638627.1278295516968 128 128 128 121 121
1403638627.1778295040131 150 150 149 139 135
1403638627.2278294563293 135 135 135 117 117
1403638627.2778294086456 150 150 150 136 136
1403638627.3278295993805 136 136 136 125 125
1403638627.3778295516968 150 150 150 133 131
1403638627.4278295040131 131 131 131 118 118
1403638627.4778294563293 150 150 150 139 137
1403638627.5278294086456 137 137 137 126 125
1403638627.5778295993805 150 150 150 133 133
1403638627.6278295516968 133 133 133 119 119
1403638627.6778295040131 150 150 150 136 133
1403638627.7278294563293 133 133 133 121 120
1403638627.7778294086456 150 150 150 132 131
1403638627.8278295993805 131 131 131 118 114
1403638627.8778295516968 150 150 150 129 124
1403638627.9278295040131 124 122 122 108 101
1403638627.9778294563293 150 149 149 119 114
1403638628.0278294086456 114 114 114 108 108
1403638628.0778295993805 150 150 150 119 106
1403638628.1278295516968 106 106 106 92 87
1403638628.1778295040131 150 150 150 135 123
1403638628.2278294563293 123 123 123 107 98
1403638628.2778294086456 150 150 150 128 116
1403638628.3278295993805 116 116 116 106 103
1403638628.3778295516968 150 150 150 141 126
1403638628.4278295040131 126 126 126 117 116
1403638628.4778294563293 150 150 150 129 117
1403638628.5278294086456 117 117 117 113 104
1403638628.5778295993805 150 149 149 135 133
1403638628.6278295516968 133 133 133 124 124
1403638628.6778295040131 150 150 150 133 129
1403638628.7278294563293 129 129 129 120 120
1403638628.7778294086456 150 150 150 135 124
1403638628.8278295993805 124 124 124 117 117
1403638628.8778295516968 150 150 150 131 123
1403638628.9278295040131 123 123 123 114 110
1403638628.9778294563293 150 149 148 127 119
1403638629.0278294086456 119 119 119 102 92
1403638629.0778295993805 150 150 150 127 121
1403638629.1278295516968 121 121 121 113 111
1403638629.1778295040131 150 150 148 125 115
1403638629.2278294563293 115 115 115 105 105
1403638629.2778294086456 150 150 149 133 128
1403638629.3278295993805 128 127 127 110 109
1403638629.3778295516968 150 147 147 127 114
1403638629.4278295040131 114 114 114 103 99
1403638629.4778294563293 150 150 150 126 120
1403638629.5278294086456 120 120 120 111 111
1403638629.5778295993805 150 150 150 132 128
1403638629.6278295516968 128 128 128 114 112
1403638629.6778295040131 150 148 148 135 121
1403638629.7278294563293 121 120 120 108 98
1403638629.7778294086456 150 142 142 121 110
1403638629.8278295993805 110 108 108 99 98
1403638629.8778295516968 150 147 147 125 121
1403638629.9278295040131 121 121 121 111 97
1403638629.9778294563293 150 150 150 134 109
1403638630.0278294086456 109 109 109 92 84
1403638630.0778295993805 150 150 149 120 107
1403638630.1278295516968 107 106 106 71 62
1403638630.1778295040131 150 149 144 78 68
1403638630.2278294563293 68 68 68 59 58
1403638630.2778294086456 150 146 145 60 54
1403638630.3278295993805 54 54 54 24 23
1403638630.3778295516968 150 138 136 27 18
1403638630.4278295040131 18 18 18 16 14
1403638630.4778294563293 150 129 129 56 36
1403638630.5278294086456 36 36 36 30 29
1403638630.5778295993805 150 145 145 122 112
1403638630.6278295516968 112 112 111 69 54
1403638630.6778295040131 150 137 134 40 25
1403638630.7278294563293 25 22 22 20 17
1403638630.7778294086456 150 144 143 97 74
1403638630.8278295993805 74 74 74 61 57
1403638630.8778295516968 150 147 147 136 136
1403638630.9278295040131 136 136 136 135 135
1403638630.9778294563293 150 150 150 146 146
1403638631.0278294086456 146 146 146 143 143
1403638631.0778295993805 150 150 150 146 146
1403638631.1278295516968 146 145 145 145 145
1403638631.1778295040131 150 150 150 148 146
1403638631.2278294563293 146 146 146 141 141
1403638631.2778294086456 150 150 150 146 146
1403638631.3278295993805 146 146 146 144 144
1403638631.3778295516968 150 149 149 147 147
1403638631.4278295040131 147 147 147 147 147
1403638631.4778294563293 150 150 150 149 149
1403638631.5278294086456 149 149 149 147 147
1403638631.5778295993805 150 150 150 149 149
1403638631.6278295516968 149 149 149 148 148
1403638631.6778295040131 150 150 150 149 149
