1403638147.4950969219208 150 150 150 144 144
1403638147.5450971126556 144 144 144 140 140
1403638147.5950970649719 150 150 150 143 143
1403638147.6450970172882 143 143 143 141 141
1403638147.6950969696045 150 149 149 143 143
1403638147.7450969219208 143 143 143 139 139
1403638147.7950971126556 150 146 145 124 115
1403638147.8450970649719 115 115 115 97 92
1403638147.8950970172882 150 142 142 90 78
1403638147.9450969696045 78 77 77 52 39
1403638147.9950969219208 150 138 137 74 61
1403638148.0450971126556 61 60 60 48 45
1403638148.0950970649719 150 135 134 70 56
1403638148.1450970172882 56 56 56 48 44
1403638148.1950969696045 150 147 147 63 55
1403638148.2450969219208 55 55 55 45 45
1403638148.2950971126556 150 143 141 85 80
1403638148.3450970649719 80 80 80 78 78
1403638148.3950970172882 150 145 145 103 100
1403638148.4450969696045 100 100 100 91 90
1403638148.4950969219208 150 148 148 127 120
1403638148.5450971126556 120 118 118 111 107
1403638148.5950970649719 150 147 147 134 129
1403638148.6450970172882 129 129 129 122 121
1403638148.6950969696045 150 148 148 140 138
1403638148.7450969219208 138 138 138 135 132
1403638148.7950971126556 150 147 147 136 129
1403638148.8450970649719 129 129 129 119 112
1403638148.8950970172882 150 146 146 128 120
1403638148.9450969696045 120 120 120 116 113
1403638148.9950969219208 150 147 147 114 110
1403638149.0450971126556 110 110 110 107 106
1403638149.0950970649719 150 146 146 132 124
1403638149.1450970172882 124 124 121 95 84
1403638149.1950969696045 150 145 145 131 126
1403638149.2450969219208 126 126 126 120 120
1403638149.2950971126556 150 147 147 124 120
1403638149.3450970649719 120 120 120 112 112
1403638149.3950970172882 150 149 149 138 136
1403638149.4450969696045 136 136 136 128 128
1403638149.4950969219208 150 150 150 139 134
1403638149.5450971126556 134 134 134 125 125
1403638149.5950970649719 150 148 148 142 138
1403638149.6450970172882 138 138 138 130 130
1403638149.6950969696045 150 146 146 136 135
1403638149.7450969219208 135 135 135 131 131
1403638149.7950971126556 150 149 149 137 136
1403638149.8450970649719 136 136 136 130 129
1403638149.8950970172882 150 146 146 139 139
1403638149.9450969696045 139 139 139 135 135
1403638149.9950969219208 150 149 149 140 140
1403638150.0450971126556 140 140 140 136 136
1403638150.0950970649719 150 149 149 142 141
1403638150.1450970172882 141 141 141 138 138
1403638150.1950969696045 150 150 150 129 128
1403638150.2450969219208 128 128 128 125 125
1403638150.2950971126556 150 148 148 142 142
1403638150.3450970649719 142 142 142 134 134
1403638150.3950970172882 150 149 149 133 133
1403638150.4450969696045 133 133 133 124 122
1403638150.4950969219208 150 147 147 132 131
1403638150.5450971126556 131 131 131 121 121
1403638150.5950970649719 150 149 149 132 132
1403638150.6450970172882 132 132 132 127 127
1403638150.6950969696045 150 146 146 134 134
1403638150.7450969219208 134 134 134 123 123
1403638150.7950971126556 150 146 146 135 134
1403638150.8450970649719 134 134 134 123 120
1403638150.8950970172882 150 149 149 136 136
1403638150.9450969696045 136 135 135 129 125
1403638150.9950969219208 150 147 147 130 129
1403638151.0450971126556 129 128 128 121 121
1403638151.0950970649719 150 147 147 131 129
1403638151.1450970172882 129 129 129 119 117
1403638151.1950969696045 150 148 148 134 132
1403638151.2450969219208 132 131 131 124 124
1403638151.2950971126556 150 147 147 134 131
1403638151.3450970649719 131 129 129 122 121
1403638151.3950970172882 150 147 147 134 133
1403638151.4450969696045 133 130 130 118 111
1403638151.4950969219208 150 147 146 137 136
1403638151.5450971126556 136 135 135 126 122
1403638151.5950970649719 150 149 149 131 126
1403638151.6450970172882 126 126 126 115 115
1403638151.6950969696045 150 146 144 125 122
1403638151.7450969219208 122 122 122 113 113
1403638151.7950971126556 150 145 145 131 129
1403638151.8450970649719 129 128 128 122 121
1403638151.8950970172882 150 146 146 141 139
1403638151.9450969696045 139 138 138 130 126
1403638151.9950969219208 150 148 148 143 142
1403638152.0450971126556 142 142 142 133 133
1403638152.0950970649719 150 146 146 136 133
1403638152.1450970172882 133 133 133 118 113
1403638152.1950969696045 150 149 149 142 142
1403638152.2450969219208 142 142 142 129 128
1403638152.2950971126556 150 150 150 135 133
1403638152.3450970649719 133 133 133 125 125
1403638152.3950970172882 150 148 148 135 134
1403638152.4450969696045 134 134 134 126 126
1403638152.4950969219208 150 146 146 133 133
1403638152.5450971126556 133 133 133 126 120
1403638152.5950970649719 150 149 149 142 142
1403638152.6450970172882 142 139 139 131 131
1403638152.6950969696045 150 148 148 130 130
1403638152.7450969219208 130 130 130 109 102
1403638152.7950971126556 150 143 143 127 124
1403638152.8450970649719 124 124 124 111 109
1403638152.8950970172882 150 148 147 114 108
1403638152.9450969696045 108 108 108 93 87
1403638152.9950969219208 150 146 146 130 121
1403638153.0450971126556 121 119 119 108 107
1403638153.0950970649719 150 147 147 132 129
1403638153.1450970172882 129 128 128 116 115
1403638153.1950969696045 150 147 147 129 124
1403638153.2450969219208 124 124 124 118 116
1403638153.2950971126556 150 147 147 127 126
1403638153.3450970649719 126 126 126 120 116
1403638153.3950970172882 150 149 149 110 107
1403638153.4450969696045 107 107 107 94 94
1403638153.4950969219208 150 144 144 126 125
1403638153.5450971126556 125 124 124 107 107
1403638153.5950970649719 150 147 147 128 125
1403638153.6450970172882 125 125 125 109 106
1403638153.6950969696045 150 144 144 130 124
1403638153.7450969219208 124 122 122 101 94
1403638153.7950971126556 150 146 146 126 119
1403638153.8450970649719 119 119 119 109 107
1403638153.8950970172882 150 147 146 125 124
1403638153.9450969696045 124 123 123 114 112
1403638153.9950969219208 150 148 147 133 128
1403638154.0450971126556 128 127 127 118 118
1403638154.0950970649719 150 146 146 134 130
1403638154.1450970172882 130 130 130 115 111
1403638154.1950969696045 150 149 149 131 131
1403638154.2450969219208 131 130 130 115 114
1403638154.2950971126556 150 147 147 133 132
1403638154.3450970649719 132 132 132 118 117
1403638154.3950970172882 150 148 147 125 123
1403638154.4450969696045 123 122 122 114 113
1403638154.4950969219208 150 149 149 133 133
1403638154.5450971126556 133 133 132 118 115
1403638154.5950970649719 150 150 150 111 111
1403638154.6450970172882 111 111 111 102 101
1403638154.6950969696045 150 148 148 137 135
1403638154.7450969219208 135 135 135 119 118
1403638154.7950971126556 150 146 146 128 126
1403638154.8450970649719 126 126 126 114 113
1403638154.8950970172882 150 147 147 130 128
1403638154.9450969696045 128 128 128 113 112
1403638154.9950969219208 150 149 149 133 131
1403638155.0450971126556 131 130 130 110 110
1403638155.0950970649719 150 149 149 132 128
1403638155.1450970172882 128 127 127 114 112
1403638155.1950969696045 150 145 145 133 130
1403638155.2450969219208 130 130 130 109 106
1403638155.2950971126556 150 144 144 127 122
1403638155.3450970649719 122 122 122 110 108
1403638155.3950970172882 150 149 149 132 123
1403638155.4450969696045 123 123 123 111 105
1403638155.4950969219208 150 149 149 127 122
1403638155.5450971126556 122 122 122 111 99
1403638155.5950970649719 150 146 145 124 122
1403638155.6450970172882 122 121 121 115 114
1403638155.6950969696045 150 146 145 129 127
1403638155.7450969219208 127 125 125 118 114
1403638155.7950971126556 150 146 146 105 101
1403638155.8450970649719 101 101 101 87 87
1403638155.8950970172882 150 146 146 131 124
1403638155.9450969696045 124 123 123 110 105
1403638155.9950969219208 150 144 143 130 123
1403638156.0450971126556 123 121 121 110 105
1403638156.0950970649719 150 149 149 117 108
1403638156.1450970172882 108 108 108 100 98
1403638156.1950969696045 150 146 145 131 121
1403638156.2450969219208 121 120 120 110 107
1403638156.2950971126556 150 143 143 125 121
1403638156.3450970649719 121 121 121 110 108
1403638156.3950970172882 150 145 145 123 122
1403638156.4450969696045 122 122 122 114 113
1403638156.4950969219208 150 147 147 128 124
1403638156.5450971126556 124 124 124 111 105
1403638156.5950970649719 150 149 149 138 137
1403638156.6450970172882 137 137 137 126 125
1403638156.6950969696045 150 148 148 133 132
1403638156.7450969219208 132 132 132 120 119
1403638156.7950971126556 150 149 149 131 127
1403638156.8450970649719 127 127 127 121 119
1403638156.8950970172882 150 148 148 116 115
1403638156.9450969696045 115 115 115 105 105
1403638156.9950969219208 150 149 149 130 130
1403638157.0450971126556 130 129 129 119 114
1403638157.0950970649719 150 147 147 130 127
1403638157.1450970172882 127 125 125 107 107
1403638157.1950969696045 150 148 148 128 127
1403638157.2450969219208 127 127 127 118 118
1403638157.2950971126556 150 149 149 134 132
1403638157.3450970649719 132 132 132 121 118
1403638157.3950970172882 150 147 147 104 101
1403638157.4450969696045 101 101 101 93 92
1403638157.4950969219208 150 144 144 131 125
1403638157.5450971126556 125 125 125 114 112
1403638157.5950970649719 150 147 147 137 135
1403638157.6450970172882 135 134 134 119 119
1403638157.6950969696045 150 147 146 131 130
1403638157.7450969219208 130 129 129 120 118
1403638157.7950971126556 150 146 146 111 108
1403638157.8450970649719 108 108 108 100 99
1403638157.8950970172882 150 143 143 126 122
1403638157.9450969696045 122 122 122 112 109
1403638157.9950969219208 150 148 147 131 128
1403638158.0450971126556 128 128 128 118 112
1403638158.0950970649719 150 148 148 135 127
1403638158.1450970172882 127 127 127 117 114
1403638158.1950969696045 150 146 146 132 124
1403638158.2450969219208 124 124 124 116 116
1403638158.2950971126556 150 145 145 138 135
1403638158.3450970649719 135 135 135 125 124
1403638158.3950970172882 150 147 147 140 139
1403638158.4450969696045 139 139 139 128 127
1403638158.4950969219208 150 148 148 131 131
1403638158.5450971126556 131 131 131 121 121
1403638158.5950970649719 150 149 149 134 134
1403638158.6450970172882 134 133 133 120 118
1403638158.6950969696045 150 148 148 138 135
1403638158.7450969219208 135 135 135 123 121
1403638158.7950971126556 150 147 147 126 119
1403638158.8450970649719 119 119 119 110 110
1403638158.8950970172882 150 144 144 133 129
1403638158.9450969696045 129 128 128 118 117
1403638158.9950969219208 150 147 147 133 131
1403638159.0450971126556 131 131 131 122 115
1403638159.0950970649719 150 148 148 128 122
1403638159.1450970172882 122 121 121 108 103
1403638159.1950969696045 150 147 147 131 126
1403638159.2450969219208 126 125 125 112 112
1403638159.2950971126556 150 145 145 131 127
1403638159.3450970649719 127 126 126 112 108
1403638159.3950970172882 150 142 142 122 107
1403638159.4450969696045 107 107 107 92 90
1403638159.4950969219208 150 138 138 121 113
1403638159.5450971126556 113 112 112 102 101
1403638159.5950970649719 150 143 143 121 112
1403638159.6450970172882 112 110 110 101 101
1403638159.6950969696045 150 142 142 122 114
1403638159.7450969219208 114 113 113 99 98
1403638159.7950971126556 150 146 146 127 124
1403638159.8450970649719 124 124 124 111 103
1403638159.8950970172882 150 147 146 136 128
1403638159.9450969696045 128 128 128 110 104
1403638159.9950969219208 150 147 147 113 101
1403638160.0450971126556 101 101 101 89 88
1403638160.0950970649719 150 149 149 130 121
1403638160.1450970172882 121 121 121 110 106
1403638160.1950969696045 150 150 150 132 115
1403638160.2450969219208 115 115 115 102 96
1403638160.2950971126556 150 148 147 133 129
1403638160.3450970649719 129 129 129 110 102
1403638160.3950970172882 150 147 147 134 129
1403638160.4450969696045 129 129 129 114 106
1403638160.4950969219208 150 150 150 136 124
1403638160.5450971126556 124 124 124 108 107
1403638160.5950970649719 150 148 148 108 105
1403638160.6450970172882 105 105 105 91 91
1403638160.6950969696045 150 148 148 124 119
1403638160.7450969219208 119 117 117 101 97
1403638160.7950971126556 150 143 143 129 125
1403638160.8450970649719 125 123 123 109 102
1403638160.8950970172882 150 142 142 119 111
1403638160.9450969696045 111 111 111 93 86
1403638160.9950969219208 150 141 140 123 112
1403638161.0450971126556 112 112 112 101 99
1403638161.0950970649719 150 148 148 122 114
1403638161.1450970172882 114 114 114 108 107
1403638161.1950969696045 150 147 147 133 127
1403638161.2450969219208 127 126 126 116 107
1403638161.2950971126556 150 146 144 126 121
1403638161.3450970649719 121 121 121 110 104
1403638161.3950970172882 150 146 146 134 123
1403638161.4450969696045 123 123 123 111 107
1403638161.4950969219208 150 146 146 112 101
1403638161.5450971126556 101 101 101 94 91
1403638161.5950970649719 150 148 148 139 130
1403638161.6450970172882 130 130 130 115 111
1403638161.6950969696045 150 147 147 134 126
1403638161.7450969219208 126 126 126 123 123
1403638161.7950971126556 150 148 148 137 133
1403638161.8450970649719 133 133 133 120 116
1403638161.8950970172882 150 145 145 125 122
1403638161.9450969696045 122 122 122 105 102
1403638161.9950969219208 150 147 147 135 129
1403638162.0450971126556 129 129 129 115 111
1403638162.0950970649719 150 146 146 130 128
1403638162.1450970172882 128 128 128 117 117
1403638162.1950969696045 150 147 147 130 126
1403638162.2450969219208 126 126 126 114 113
1403638162.2950971126556 150 148 148 132 125
1403638162.3450970649719 125 124 124 113 113
1403638162.3950970172882 150 149 149 110 107
1403638162.4450969696045 107 107 107 99 98
1403638162.4950969219208 150 146 145 127 124
1403638162.5450971126556 124 124 124 116 114
1403638162.5950970649719 150 146 146 139 136
1403638162.6450970172882 136 135 135 126 120
1403638162.6950969696045 150 147 147 139 137
1403638162.7450969219208 137 137 137 121 115
1403638162.7950971126556 150 145 145 130 120
1403638162.8450970649719 120 119 119 104 104
1403638162.8950970172882 150 144 144 124 120
1403638162.9450969696045 120 120 120 106 104
1403638162.9950969219208 150 142 142 120 108
1403638163.0450971126556 108 107 107 94 89
1403638163.0950970649719 150 146 146 128 121
1403638163.1450970172882 121 121 121 103 103
1403638163.1950969696045 150 150 148 134 129
1403638163.2450969219208 129 127 127 111 109
1403638163.2950971126556 150 147 146 130 125
1403638163.3450970649719 125 124 124 114 110
1403638163.3950970172882 150 146 145 127 115
1403638163.4450969696045 115 114 114 100 99
1403638163.4950969219208 150 149 149 134 126
1403638163.5450971126556 126 125 125 112 105
1403638163.5950970649719 150 147 147 134 127
1403638163.6450970172882 127 126 126 114 109
1403638163.6950969696045 150 147 147 128 119
1403638163.7450969219208 119 119 119 107 97
1403638163.7950971126556 150 145 145 131 129
1403638163.8450970649719 129 129 129 115 112
1403638163.8950970172882 150 148 148 131 126
1403638163.9450969696045 126 125 125 108 104
1403638163.9950969219208 150 145 145 127 122
1403638164.0450971126556 122 122 122 104 92
1403638164.0950970649719 150 145 145 123 115
1403638164.1450970172882 115 115 115 98 85
1403638164.1950969696045 150 146 146 128 115
1403638164.2450969219208 115 115 115 103 99
1403638164.2950971126556 150 145 145 124 112
1403638164.3450970649719 112 112 112 98 89
1403638164.3950970172882 150 147 147 132 114
1403638164.4450969696045 114 114 114 91 91
1403638164.4950969219208 150 149 149 129 118
1403638164.5450971126556 118 118 118 104 103
1403638164.5950970649719 150 148 148 125 102
1403638164.6450970172882 102 102 102 94 90
1403638164.6950969696045 150 145 145 130 118
1403638164.7450969219208 118 117 117 102 96
1403638164.7950971126556 150 145 145 118 101
1403638164.8450970649719 101 100 100 76 71
1403638164.8950970172882 150 144 144 114 86
1403638164.9450969696045 86 86 86 80 80
1403638164.9950969219208 150 144 143 123 109
1403638165.0450971126556 109 108 108 98 84
1403638165.0950970649719 150 144 143 121 106
1403638165.1450970172882 106 106 106 95 85
1403638165.1950969696045 150 147 145 124 106
1403638165.2450969219208 106 106 106 88 86
1403638165.2950971126556 150 143 142 124 116
1403638165.3450970649719 116 116 116 103 96
1403638165.3950970172882 150 149 149 124 117
1403638165.4450969696045 117 117 117 105 102
1403638165.4950969219208 150 143 142 111 89
1403638165.5450971126556 89 89 89 73 70
1403638165.5950970649719 150 143 142 122 105
1403638165.6450970172882 105 104 104 89 82
1403638165.6950969696045 150 142 142 118 108
1403638165.7450969219208 108 108 108 96 91
1403638165.7950971126556 150 150 149 112 81
1403638165.8450970649719 81 81 81 67 61
1403638165.8950970172882 150 150 150 130 105
1403638165.9450969696045 105 104 104 86 72
1403638165.9950969219208 150 147 146 123 110
1403638166.0450971126556 110 110 110 94 90
1403638166.0950970649719 150 149 148 126 107
1403638166.1450970172882 107 107 107 85 80
1403638166.1950969696045 150 149 149 130 119
1403638166.2450969219208 119 119 119 105 97
1403638166.2950971126556 150 149 149 126 120
1403638166.3450970649719 120 120 120 106 103
1403638166.3950970172882 150 149 149 118 96
1403638166.4450969696045 96 96 96 81 77
1403638166.4950969219208 150 148 147 125 119
1403638166.5450971126556 119 119 119 91 91
1403638166.5950970649719 150 149 149 126 106
1403638166.6450970172882 106 106 106 89 87
1403638166.6950969696045 150 149 149 125 121
1403638166.7450969219208 121 121 121 109 105
1403638166.7950971126556 150 149 149 131 118
1403638166.8450970649719 118 118 118 99 97
1403638166.8950970172882 150 148 148 127 121
1403638166.9450969696045 121 121 121 106 106
1403638166.9950969219208 150 149 148 126 115
1403638167.0450971126556 115 114 114 101 90
1403638167.0950970649719 150 147 147 125 119
1403638167.1450970172882 119 118 118 102 98
1403638167.1950969696045 150 150 150 122 116
1403638167.2450969219208 116 115 115 99 98
1403638167.2950971126556 150 148 148 102 89
1403638167.3450970649719 89 89 89 74 73
1403638167.3950970172882 150 148 148 127 112
1403638167.4450969696045 112 112 112 92 90
1403638167.4950969219208 150 146 146 127 114
1403638167.5450971126556 114 114 114 103 102
1403638167.5950970649719 150 146 146 112 96
1403638167.6450970172882 96 96 96 85 77
1403638167.6950969696045 150 146 145 118 113
1403638167.7450969219208 113 113 113 90 88
1403638167.7950971126556 150 146 146 123 104
1403638167.8450970649719 104 103 103 86 75
1403638167.8950970172882 150 141 139 117 106
1403638167.9450969696045 106 106 106 92 92
1403638167.9950969219208 150 143 143 120 111
1403638168.0450971126556 111 110 110 93 87
1403638168.0950970649719 150 141 139 121 115
1403638168.1450970172882 115 115 115 98 92
1403638168.1950969696045 150 145 145 116 104
1403638168.2450969219208 104 104 104 86 79
1403638168.2950971126556 150 145 145 123 116
1403638168.3450970649719 116 115 115 96 93
1403638168.3950970172882 150 141 141 110 89
1403638168.4450969696045 89 89 89 75 73
1403638168.4950969219208 150 143 143 121 100
1403638168.5450971126556 100 100 100 87 84
1403638168.5950970649719 150 144 143 122 114
1403638168.6450970172882 114 114 114 98 91
1403638168.6950969696045 150 147 147 120 112
1403638168.7450969219208 112 110 110 93 88
1403638168.7950971126556 150 147 147 99 98
1403638168.8450970649719 98 97 97 87 85
1403638168.8950970172882 150 148 148 129 123
1403638168.9450969696045 123 123 123 104 99
1403638168.9950969219208 150 145 145 125 120
1403638169.0450971126556 120 120 120 109 106
1403638169.0950970649719 150 143 142 114 105
1403638169.1450970172882 105 104 104 87 86
1403638169.1950969696045 150 142 142 123 114
1403638169.2450969219208 114 113 113 101 101
1403638169.2950971126556 150 141 140 118 108
1403638169.3450970649719 108 107 107 93 88
1403638169.3950970172882 150 141 141 128 125
1403638169.4450969696045 125 122 122 109 109
1403638169.4950969219208 150 144 144 122 112
1403638169.5450971126556 112 110 110 99 92
1403638169.5950970649719 150 144 144 130 109
1403638169.6450970172882 109 108 108 94 87
1403638169.6950969696045 150 147 145 116 97
1403638169.7450969219208 97 96 96 85 81
1403638169.7950971126556 150 138 138 118 100
1403638169.8450970649719 100 99 99 92 86
1403638169.8950970172882 150 144 143 125 114
1403638169.9450969696045 114 113 113 104 102
1403638169.9950969219208 150 139 139 119 105
1403638170.0450971126556 105 102 102 89 87
1403638170.0950970649719 150 145 145 127 120
1403638170.1450970172882 120 118 118 108 106
1403638170.1950969696045 150 145 145 134 127
1403638170.2450969219208 127 126 126 117 110
1403638170.2950971126556 150 146 146 132 127
1403638170.3450970649719 127 127 127 113 105
1403638170.3950970172882 150 146 146 129 117
1403638170.4450969696045 117 116 116 108 102
1403638170.4950969219208 150 147 147 138 134
1403638170.5450971126556 134 133 133 119 114
1403638170.5950970649719 150 145 145 125 120
1403638170.6450970172882 120 118 118 107 102
1403638170.6950969696045 150 144 144 126 123
1403638170.7450969219208 123 122 122 112 107
1403638170.7950971126556 150 147 147 131 124
1403638170.8450970649719 124 123 123 115 112
1403638170.8950970172882 150 145 145 128 117
1403638170.9450969696045 117 117 117 101 94
1403638170.9950969219208 150 145 145 132 120
1403638171.0450971126556 120 118 118 108 107
1403638171.0950970649719 150 146 146 128 121
1403638171.1450970172882 121 119 119 107 107
1403638171.1950969696045 150 145 145 111 108
1403638171.2450969219208 108 108 108 99 97
1403638171.2950971126556 150 146 146 135 128
1403638171.3450970649719 128 128 128 116 116
1403638171.3950970172882 150 149 149 136 133
1403638171.4450969696045 133 132 132 114 113
1403638171.4950969219208 150 149 148 131 129
1403638171.5450971126556 129 128 128 115 114
1403638171.5950970649719 150 145 144 134 131
1403638171.6450970172882 131 131 131 112 106
1403638171.6950969696045 150 148 148 132 125
1403638171.7450969219208 125 125 125 106 97
1403638171.7950971126556 150 149 148 131 124
1403638171.8450970649719 124 123 123 112 111
1403638171.8950970172882 150 147 147 123 110
1403638171.9450969696045 110 110 110 96 93
1403638171.9950969219208 150 147 147 131 126
1403638172.0450971126556 126 126 126 113 113
1403638172.0950970649719 150 149 149 131 128
1403638172.1450970172882 128 127 127 113 111
1403638172.1950969696045 150 150 150 134 127
1403638172.2450969219208 127 126 126 114 113
1403638172.2950971126556 150 148 148 112 110
1403638172.3450970649719 110 110 110 96 93
1403638172.3950970172882 150 150 150 130 115
1403638172.4450969696045 115 115 115 97 96
1403638172.4950969219208 150 150 150 111 108
1403638172.5450971126556 108 108 108 91 88
1403638172.5950970649719 150 150 149 125 121
1403638172.6450970172882 121 121 121 108 99
1403638172.6950969696045 150 150 150 118 114
1403638172.7450969219208 114 114 114 96 94
1403638172.7950971126556 150 149 149 126 111
1403638172.8450970649719 111 111 111 94 91
1403638172.8950970172882 150 149 149 123 106
1403638172.9450969696045 106 106 106 84 78
1403638172.9950969219208 150 150 150 121 103
1403638173.0450971126556 103 103 103 89 79
1403638173.0950970649719 150 148 147 127 119
1403638173.1450970172882 119 119 119 88 83
1403638173.1950969696045 150 150 150 117 99
1403638173.2450969219208 99 99 99 73 68
1403638173.2950971126556 150 148 147 97 80
1403638173.3450970649719 80 80 80 63 59
1403638173.3950970172882 150 144 142 106 83
1403638173.4450969696045 83 83 83 60 53
1403638173.4950969219208 150 146 145 114 85
1403638173.5450971126556 85 84 84 69 65
1403638173.5950970649719 150 148 145 95 74
1403638173.6450970172882 74 74 74 58 48
1403638173.6950969696045 150 148 146 112 90
1403638173.7450969219208 90 90 90 69 61
1403638173.7950971126556 150 149 148 110 84
1403638173.8450970649719 84 84 84 68 56
1403638173.8950970172882 150 147 147 94 73
1403638173.9450969696045 73 73 73 61 56
1403638173.9950969219208 150 148 147 118 91
1403638174.0450971126556 91 91 91 65 61
1403638174.0950970649719 150 150 150 114 95
1403638174.1450970172882 95 95 95 70 65
1403638174.1950969696045 150 148 147 111 93
1403638174.2450969219208 93 92 92 65 58
1403638174.2950971126556 150 147 146 102 88
1403638174.3450970649719 88 88 88 64 62
1403638174.3950970172882 150 146 146 112 98
1403638174.4450969696045 98 98 98 74 71
1403638174.4950969219208 150 148 146 108 93
1403638174.5450971126556 93 92 92 67 62
1403638174.5950970649719 150 149 147 114 97
1403638174.6450970172882 97 96 96 65 60
1403638174.6950969696045 150 147 147 110 99
1403638174.7450969219208 99 99 99 78 71
1403638174.7950971126556 150 145 144 107 96
1403638174.8450970649719 96 96 96 71 69
1403638174.8950970172882 150 145 145 116 103
1403638174.9450969696045 103 103 103 78 77
1403638174.9950969219208 150 150 149 110 100
1403638175.0450971126556 100 100 99 83 80
1403638175.0950970649719 150 150 150 118 107
1403638175.1450970172882 107 107 107 88 78
1403638175.1950969696045 150 149 149 116 110
1403638175.2450969219208 110 110 110 89 88
1403638175.2950971126556 150 148 148 114 113
1403638175.3450970649719 113 113 113 86 82
1403638175.3950970172882 150 143 143 110 104
1403638175.4450969696045 104 104 104 84 82
1403638175.4950969219208 150 143 142 85 80
1403638175.5450971126556 80 80 80 64 61
1403638175.5950970649719 150 144 142 116 107
1403638175.6450970172882 107 105 105 84 79
1403638175.6950969696045 150 140 139 108 103
1403638175.7450969219208 103 103 103 84 84
1403638175.7950971126556 150 145 145 120 111
1403638175.8450970649719 111 111 111 93 91
1403638175.8950970172882 150 149 149 132 132
1403638175.9450969696045 132 131 131 117 117
1403638175.9950969219208 150 148 148 126 117
1403638176.0450971126556 117 117 117 103 100
1403638176.0950970649719 150 145 144 114 109
1403638176.1450970172882 109 107 107 90 86
1403638176.1950969696045 150 138 136 111 104
1403638176.2450969219208 104 104 104 89 83
1403638176.2950971126556 150 142 142 109 100
1403638176.3450970649719 100 100 100 92 92
1403638176.3950970172882 150 143 143 122 117
1403638176.4450969696045 117 117 117 107 106
1403638176.4950969219208 150 146 146 129 124
1403638176.5450971126556 124 124 124 112 112
1403638176.5950970649719 150 148 148 130 128
1403638176.6450970172882 128 128 128 115 114
1403638176.6950969696045 150 148 148 143 135
1403638176.7450969219208 135 135 135 121 121
1403638176.7950971126556 150 149 149 130 130
1403638176.8450970649719 130 128 128 122 120
1403638176.8950970172882 150 149 149 132 132
1403638176.9450969696045 132 132 132 121 121
1403638176.9950969219208 150 149 149 119 118
1403638177.0450971126556 118 118 118 113 113
1403638177.0950970649719 150 146 146 134 131
1403638177.1450970172882 131 131 131 123 123
1403638177.1950969696045 150 148 148 138 133
1403638177.2450969219208 133 133 133 126 126
1403638177.2950971126556 150 148 148 136 136
1403638177.3450970649719 136 136 136 125 125
1403638177.3950970172882 150 150 150 136 136
1403638177.4450969696045 136 136 136 128 122
1403638177.4950969219208 150 149 149 136 136
1403638177.5450971126556 136 136 136 127 127
1403638177.5950970649719 150 148 148 133 133
1403638177.6450970172882 133 133 133 126 126
1403638177.6950969696045 150 148 148 122 122
1403638177.7450969219208 122 122 122 110 109
1403638177.7950971126556 150 144 144 130 128
1403638177.8450970649719 128 128 128 112 112
1403638177.8950970172882 150 143 143 127 127
1403638177.9450969696045 127 127 127 118 118
1403638177.9950969219208 150 144 144 132 132
1403638178.0450971126556 132 131 131 115 115
1403638178.0950970649719 150 146 146 131 131
1403638178.1450970172882 131 129 129 121 121
1403638178.1950969696045 150 145 145 122 121
1403638178.2450969219208 121 121 121 110 108
1403638178.2950971126556 150 147 147 124 122
1403638178.3450970649719 122 122 122 103 102
1403638178.3950970172882 150 142 142 122 120
1403638178.4450969696045 120 120 120 110 106
1403638178.4950969219208 150 146 145 124 119
1403638178.5450971126556 119 118 118 106 105
1403638178.5950970649719 150 145 142 104 99
1403638178.6450970172882 99 97 97 86 82
1403638178.6950969696045 150 142 141 133 124
1403638178.7450969219208 124 122 122 116 113
1403638178.7950971126556 150 144 144 129 118
1403638178.8450970649719 118 116 116 105 103
1403638178.8950970172882 150 147 147 132 128
1403638178.9450969696045 128 125 125 113 111
1403638178.9950969219208 150 145 143 116 111
1403638179.0450971126556 111 111 111 99 97
1403638179.0950970649719 150 146 146 130 125
1403638179.1450970172882 125 125 125 108 102
1403638179.1950969696045 150 140 140 112 104
1403638179.2450969219208 104 102 102 92 92
1403638179.2950971126556 150 145 145 123 116
1403638179.3450970649719 116 116 116 102 98
1403638179.3950970172882 150 141 139 123 113
1403638179.4450969696045 113 113 113 103 100
1403638179.4950969219208 150 142 142 120 109
1403638179.5450971126556 109 106 106 94 87
1403638179.5950970649719 150 146 146 119 106
1403638179.6450970172882 106 104 104 91 86
1403638179.6950969696045 150 140 139 117 105
1403638179.7450969219208 105 104 104 93 88
1403638179.7950971126556 150 144 144 126 120
1403638179.8450970649719 120 119 119 97 92
1403638179.8950970172882 150 145 145 132 118
1403638179.9450969696045 118 115 115 100 96
1403638179.9950969219208 150 145 145 120 113
1403638180.0450971126556 113 113 113 98 94
1403638180.0950970649719 150 146 146 129 122
1403638180.1450970172882 122 121 121 114 112
1403638180.1950969696045 150 145 145 122 117
1403638180.2450969219208 117 117 117 104 101
1403638180.2950971126556 150 141 141 125 121
1403638180.3450970649719 121 121 121 113 111
1403638180.3950970172882 150 146 146 130 125
1403638180.4450969696045 125 125 125 113 113
1403638180.4950969219208 150 148 148 130 125
1403638180.5450971126556 125 125 125 109 109
1403638180.5950970649719 150 149 149 133 128
1403638180.6450970172882 128 128 128 115 115
1403638180.6950969696045 150 148 148 128 124
1403638180.7450969219208 124 123 123 114 113
1403638180.7950971126556 150 147 147 126 122
1403638180.8450970649719 122 122 122 98 96
1403638180.8950970172882 150 145 145 126 116
1403638180.9450969696045 116 116 116 100 95
1403638180.9950969219208 150 147 147 127 119
1403638181.0450971126556 119 119 119 103 102
1403638181.0950970649719 150 147 147 129 121
1403638181.1450970172882 121 121 121 108 105
1403638181.1950969696045 150 148 148 121 111
1403638181.2450969219208 111 110 110 104 104
1403638181.2950971126556 150 144 144 116 110
1403638181.3450970649719 110 110 110 97 94
1403638181.3950970172882 150 145 145 120 108
1403638181.4450969696045 108 107 107 97 95
1403638181.4950969219208 150 141 141 122 108
1403638181.5450971126556 108 106 106 92 88
1403638181.5950970649719 150 138 137 112 98
1403638181.6450970172882 98 97 97 79 71
1403638181.6950969696045 150 142 141 106 90
1403638181.7450969219208 90 89 89 82 79
1403638181.7950971126556 150 139 139 112 96
1403638181.8450970649719 96 96 96 80 75
1403638181.8950970172882 147 139 139 107 100
1403638181.9450969696045 100 100 100 87 82
1403638181.9950969219208 150 144 144 116 105
1403638182.0450971126556 105 105 105 89 86
1403638182.0950970649719 148 143 143 114 110
1403638182.1450970172882 110 109 109 95 92
1403638182.1950969696045 150 145 145 115 108
1403638182.2450969219208 108 106 106 95 95
1403638182.2950971126556 150 144 144 119 116
1403638182.3450970649719 116 116 116 108 103
1403638182.3950970172882 142 138 138 118 116
1403638182.4450969696045 116 116 116 100 99
1403638182.4950969219208 150 144 144 113 108
1403638182.5450971126556 108 108 108 88 84
1403638182.5950970649719 150 147 147 108 103
1403638182.6450970172882 103 101 101 85 79
1403638182.6950969696045 147 139 139 112 107
1403638182.7450969219208 107 105 105 89 85
1403638182.7950971126556 141 137 137 107 103
1403638182.8450970649719 103 102 102 82 82
1403638182.8950970172882 147 138 138 102 94
1403638182.9450969696045 94 93 93 80 77
1403638182.9950969219208 116 114 114 91 84
1403638183.0450971126556 84 83 83 72 70
1403638183.0950970649719 150 141 141 109 96
1403638183.1450970172882 96 95 95 80 77
1403638183.1950969696045 143 135 135 98 93
1403638183.2450969219208 93 92 92 77 75
1403638183.2950971126556 124 117 117 101 96
1403638183.3450970649719 96 96 96 84 82
1403638183.3950970172882 108 105 105 91 89
1403638183.4450969696045 89 89 89 77 76
1403638183.4950969219208 150 143 143 96 92
1403638183.5450971126556 92 92 92 81 80
1403638183.5950970649719 150 143 143 101 98
1403638183.6450970172882 98 96 96 85 84
1403638183.6950969696045 150 139 139 89 83
1403638183.7450969219208 83 81 81 74 71
1403638183.7950971126556 108 99 99 82 77
1403638183.8450970649719 77 77 77 66 65
1403638183.8950970172882 127 120 120 85 84
1403638183.9450969696045 84 83 83 75 72
1403638183.9950969219208 146 136 136 97 91
1403638184.0450971126556 91 91 91 77 77
1403638184.0950970649719 150 145 145 98 97
1403638184.1450970172882 97 97 97 84 84
1403638184.1950969696045 111 110 110 87 85
1403638184.2450969219208 85 84 84 78 78
1403638184.2950971126556 125 121 121 89 85
1403638184.3450970649719 85 85 85 71 70
1403638184.3950970172882 122 117 117 89 82
1403638184.4450969696045 82 81 81 72 70
1403638184.4950969219208 132 126 126 86 84
1403638184.5450971126556 84 84 84 69 66
1403638184.5950970649719 115 109 109 90 85
1403638184.6450970172882 85 84 84 72 66
1403638184.6950969696045 111 107 107 87 82
1403638184.7450969219208 82 81 81 70 68
1403638184.7950971126556 107 102 102 78 78
1403638184.8450970649719 78 78 78 62 61
1403638184.8950970172882 104 101 101 87 86
1403638184.9450969696045 86 86 86 76 74
1403638184.9950969219208 104 99 99 87 85
1403638185.0450971126556 85 84 84 74 73
1403638185.0950970649719 150 141 141 96 95
1403638185.1450970172882 95 95 95 85 83
1403638185.1950969696045 137 130 130 97 94
1403638185.2450969219208 94 93 93 80 80
1403638185.2950971126556 134 128 128 90 88
1403638185.3450970649719 88 87 87 76 75
1403638185.3950970172882 150 140 140 100 96
1403638185.4450969696045 96 96 96 81 79
1403638185.4950969219208 150 142 141 96 92
1403638185.5450971126556 92 92 92 82 80
1403638185.5950970649719 143 138 138 91 87
1403638185.6450970172882 87 86 86 74 72
1403638185.6950969696045 150 138 137 99 91
1403638185.7450969219208 91 91 91 80 75
1403638185.7950971126556 150 142 140 104 99
1403638185.8450970649719 99 98 98 85 80
1403638185.8950970172882 134 131 131 93 85
1403638185.9450969696045 85 85 85 77 77
1403638185.9950969219208 137 132 132 92 85
1403638186.0450971126556 85 84 84 79 78
1403638186.0950970649719 136 129 129 94 90
1403638186.1450970172882 90 90 90 77 76
1403638186.1950969696045 120 116 116 89 86
1403638186.2450969219208 86 86 86 75 73
1403638186.2950971126556 92 90 90 82 80
1403638186.3450970649719 80 79 79 73 73
1403638186.3950970172882 110 104 103 80 77
1403638186.4450969696045 77 76 76 68 66
1403638186.4950969219208 94 89 89 80 77
1403638186.5450971126556 77 77 77 70 70
1403638186.5950970649719 84 82 82 69 63
1403638186.6450970172882 63 63 63 59 57
1403638186.6950969696045 121 116 116 85 77
1403638186.7450969219208 77 77 77 68 66
1403638186.7950971126556 114 109 109 87 78
1403638186.8450970649719 78 78 78 69 67
1403638186.8950970172882 85 84 84 76 75
1403638186.9450969696045 75 75 74 66 64
1403638186.9950969219208 85 84 84 70 66
1403638187.0450971126556 66 66 65 57 56
1403638187.0950970649719 67 65 65 54 51
1403638187.1450970172882 51 51 51 50 49
1403638187.1950969696045 113 104 102 72 67
1403638187.2450969219208 67 66 66 57 51
1403638187.2950971126556 102 95 88 70 60
1403638187.3450970649719 60 60 60 55 51
1403638187.3950970172882 88 83 80 64 57
1403638187.4450969696045 57 56 55 49 46
1403638187.4950969219208 80 79 79 66 60
1403638187.5450971126556 60 60 60 52 50
1403638187.5950970649719 58 57 56 52 50
1403638187.6450970172882 50 49 49 48 46
1403638187.6950969696045 91 88 88 74 65
1403638187.7450969219208 65 65 65 63 61
1403638187.7950971126556 90 90 90 73 68
1403638187.8450970649719 68 68 68 61 58
1403638187.8950970172882 68 68 68 62 62
1403638187.9450969696045 62 62 61 59 59
1403638187.9950969219208 86 84 81 63 58
1403638188.0450971126556 58 58 58 56 54
1403638188.0950970649719 67 65 65 63 62
1403638188.1450970172882 62 62 62 59 59
1403638188.1950969696045 67 66 64 63 62
1403638188.2450969219208 62 61 58 53 53
1403638188.2950971126556 67 67 66 59 57
1403638188.3450970649719 57 57 57 53 51
1403638188.3950970172882 55 55 55 52 51
1403638188.4450969696045 51 51 50 49 48
1403638188.4950969219208 68 67 66 62 62
1403638188.5450971126556 62 62 60 58 57
1403638188.5950970649719 68 67 67 62 61
1403638188.6450970172882 61 61 61 59 58
1403638188.6950969696045 64 64 62 61 60
1403638188.7450969219208 60 60 59 55 52
1403638188.7950971126556 65 64 63 62 60
1403638188.8450970649719 60 59 59 56 55
1403638188.8950970172882 67 65 63 58 55
1403638188.9450969696045 55 55 55 52 48
1403638188.9950969219208 70 69 68 59 55
1403638189.0450971126556 55 55 54 52 50
1403638189.0950970649719 69 68 66 56 53
1403638189.1450970172882 53 53 52 51 51
1403638189.1950969696045 55 52 52 51 48
1403638189.2450969219208 48 48 48 45 43
1403638189.2950971126556 79 76 73 57 55
1403638189.3450970649719 55 55 55 51 48
1403638189.3950970172882 60 59 56 52 48
1403638189.4450969696045 48 48 48 47 45
1403638189.4950969219208 73 71 70 53 47
1403638189.5450971126556 47 47 47 45 43
1403638189.5950970649719 55 55 54 49 48
1403638189.6450970172882 48 48 48 45 44
1403638189.6950969696045 54 54 54 47 46
1403638189.7450969219208 46 46 46 44 43
1403638189.7950971126556 61 59 59 51 49
1403638189.8450970649719 49 49 49 46 44
1403638189.8950970172882 53 53 52 50 48
1403638189.9450969696045 48 48 48 45 43
1403638189.9950969219208 115 115 114 84 81
1403638190.0450971126556 81 80 79 68 66
1403638190.0950970649719 95 93 93 77 72
1403638190.1450970172882 72 71 71 63 58
1403638190.1950969696045 74 73 71 61 59
1403638190.2450969219208 59 59 57 55 52
1403638190.2950971126556 101 95 95 76 73
1403638190.3450970649719 73 73 73 66 63
1403638190.3950970172882 94 94 94 78 70
1403638190.4450969696045 70 70 70 67 65
1403638190.4950969219208 102 102 102 84 73
1403638190.5450971126556 73 73 72 61 57
1403638190.5950970649719 69 69 68 63 63
1403638190.6450970172882 63 62 62 59 58
1403638190.6950969696045 91 91 90 76 71
1403638190.7450969219208 71 71 71 64 63
1403638190.7950971126556 100 98 97 78 74
1403638190.8450970649719 74 74 74 70 63
1403638190.8950970172882 77 77 77 67 63
1403638190.9450969696045 63 63 63 59 55
1403638190.9950969219208 70 70 70 68 68
1403638191.0450971126556 68 68 68 63 63
1403638191.0950970649719 118 116 114 87 83
1403638191.1450970172882 83 83 83 78 77
1403638191.1950969696045 123 123 121 88 82
1403638191.2450969219208 82 82 81 73 70
1403638191.2950971126556 90 89 89 69 63
1403638191.3450970649719 63 63 63 60 55
1403638191.3950970172882 86 86 85 70 63
1403638191.4450969696045 63 63 63 57 55
1403638191.4950969219208 93 93 93 72 67
1403638191.5450971126556 67 67 66 62 62
1403638191.5950970649719 134 134 133 93 90
1403638191.6450970172882 90 90 90 81 81
1403638191.6950969696045 135 135 134 98 96
1403638191.7450969219208 96 96 96 85 78
1403638191.7950971126556 137 134 134 94 89
1403638191.8450970649719 89 88 88 84 79
1403638191.8950970172882 123 123 122 95 91
1403638191.9450969696045 91 91 91 84 80
1403638191.9950969219208 112 112 110 86 86
1403638192.0450971126556 86 86 85 78 75
1403638192.0950970649719 120 120 120 83 80
1403638192.1450970172882 80 80 78 72 65
1403638192.1950969696045 95 94 92 69 64
1403638192.2450969219208 64 64 64 53 47
1403638192.2950971126556 91 90 90 67 62
1403638192.3450970649719 62 62 62 56 55
1403638192.3950970172882 95 93 93 77 74
1403638192.4450969696045 74 74 74 61 58
1403638192.4950969219208 77 77 76 58 55
1403638192.5450971126556 55 55 55 49 49
1403638192.5950970649719 142 138 136 101 91
1403638192.6450970172882 91 90 90 66 55
1403638192.6950969696045 80 77 72 62 52
1403638192.7450969219208 52 52 52 50 44
1403638192.7950971126556 82 78 78 59 52
1403638192.8450970649719 52 52 52 45 41
1403638192.8950970172882 80 78 78 60 56
1403638192.9450969696045 56 55 54 51 48
1403638192.9950969219208 76 74 71 61 56
1403638193.0450971126556 56 56 56 50 49
1403638193.0950970649719 72 70 69 59 55
1403638193.1450970172882 55 55 55 54 50
1403638193.1950969696045 68 68 67 56 55
1403638193.2450969219208 55 55 55 53 47
1403638193.2950971126556 72 72 72 66 60
1403638193.3450970649719 60 60 60 56 53
1403638193.3950970172882 126 126 125 91 83
1403638193.4450969696045 83 83 83 73 64
1403638193.4950969219208 104 103 102 87 74
1403638193.5450971126556 74 74 74 63 60
1403638193.5950970649719 106 106 106 81 71
1403638193.6450970172882 71 71 71 62 60
1403638193.6950969696045 121 120 117 91 86
1403638193.7450969219208 86 85 85 74 74
1403638193.7950971126556 112 112 109 86 77
1403638193.8450970649719 77 77 77 72 66
1403638193.8950970172882 101 101 99 82 72
1403638193.9450969696045 72 72 72 68 60
1403638193.9950969219208 116 116 115 95 89
1403638194.0450971126556 89 89 89 80 76
1403638194.0950970649719 131 131 131 101 99
1403638194.1450970172882 99 99 99 90 80
1403638194.1950969696045 132 131 130 110 102
1403638194.2450969219208 102 102 102 94 90
1403638194.2950971126556 150 150 149 111 102
1403638194.3450970649719 102 102 101 89 82
1403638194.3950970172882 128 126 126 100 93
1403638194.4450969696045 93 93 92 83 81
1403638194.4950969219208 148 147 146 116 99
1403638194.5450971126556 99 99 99 86 81
1403638194.5950970649719 127 126 124 103 93
1403638194.6450970172882 93 93 93 84 81
1403638194.6950969696045 129 127 127 105 95
1403638194.7450969219208 95 95 95 82 81
1403638194.7950971126556 150 149 148 119 109
1403638194.8450970649719 109 109 109 96 92
1403638194.8950970172882 143 141 141 114 106
1403638194.9450969696045 106 106 106 93 89
1403638194.9950969219208 134 134 133 114 106
1403638195.0450971126556 106 105 105 94 93
1403638195.0950970649719 150 150 150 121 114
1403638195.1450970172882 114 114 114 99 97
1403638195.1950969696045 150 149 149 115 107
1403638195.2450969219208 107 107 107 95 87
1403638195.2950971126556 147 143 142 103 92
1403638195.3450970649719 92 92 92 82 80
1403638195.3950970172882 150 150 149 127 126
1403638195.4450969696045 126 126 125 109 93
1403638195.4950969219208 150 148 144 115 108
1403638195.5450971126556 108 107 107 92 83
1403638195.5950970649719 150 144 144 120 109
1403638195.6450970172882 109 109 109 103 99
1403638195.6950969696045 136 136 136 122 118
1403638195.7450969219208 118 118 118 108 105
1403638195.7950971126556 141 141 140 101 98
1403638195.8450970649719 98 98 98 94 93
1403638195.8950970172882 130 129 129 101 96
1403638195.9450969696045 96 96 96 89 87
1403638195.9950969219208 150 149 148 125 120
1403638196.0450971126556 120 120 120 112 111
1403638196.0950970649719 150 150 150 134 127
1403638196.1450970172882 127 125 125 120 119
1403638196.1950969696045 150 150 150 122 110
1403638196.2450969219208 110 110 110 106 104
1403638196.2950971126556 150 149 149 132 130
1403638196.3450970649719 130 130 130 115 113
1403638196.3950970172882 150 150 150 136 134
1403638196.4450969696045 134 134 134 123 123
1403638196.4950969219208 150 150 150 134 131
1403638196.5450971126556 131 131 131 123 120
1403638196.5950970649719 150 150 150 112 108
1403638196.6450970172882 108 108 108 102 96
1403638196.6950969696045 150 149 149 132 127
1403638196.7450969219208 127 127 127 118 114
1403638196.7950971126556 150 149 149 133 133
1403638196.8450970649719 133 133 133 122 122
1403638196.8950970172882 150 150 150 134 128
1403638196.9450969696045 128 128 128 119 117
1403638196.9950969219208 150 147 147 131 130
1403638197.0450971126556 130 130 130 122 118
1403638197.0950970649719 150 148 148 132 129
1403638197.1450970172882 129 129 129 117 116
1403638197.1950969696045 150 150 150 132 130
1403638197.2450969219208 130 130 130 120 119
1403638197.2950971126556 150 144 143 127 124
1403638197.3450970649719 124 124 124 113 111
1403638197.3950970172882 140 139 139 123 121
1403638197.4450969696045 121 121 121 106 106
1403638197.4950969219208 150 149 149 138 132
1403638197.5450971126556 132 131 131 122 120
1403638197.5950970649719 150 147 147 124 121
1403638197.6450970172882 121 121 121 110 108
1403638197.6950969696045 150 148 148 135 127
1403638197.7450969219208 127 127 127 113 108
1403638197.7950971126556 150 149 149 133 131
1403638197.8450970649719 131 130 130 115 104
1403638197.8950970172882 147 145 145 104 101
1403638197.9450969696045 101 99 99 88 86
1403638197.9950969219208 150 141 141 123 114
1403638198.0450971126556 114 114 114 100 99
1403638198.0950970649719 150 150 150 138 137
1403638198.1450970172882 137 136 136 121 120
1403638198.1950969696045 150 150 150 134 128
1403638198.2450969219208 128 128 128 118 116
1403638198.2950971126556 150 149 149 128 124
1403638198.3450970649719 124 124 124 109 103
1403638198.3950970172882 150 149 149 128 123
1403638198.4450969696045 123 122 122 111 108
1403638198.4950969219208 150 147 147 128 119
1403638198.5450971126556 119 119 119 109 103
1403638198.5950970649719 150 147 146 129 123
1403638198.6450970172882 123 123 123 108 106
1403638198.6950969696045 150 148 148 125 105
1403638198.7450969219208 105 105 105 98 98
1403638198.7950971126556 144 144 144 127 124
1403638198.8450970649719 124 124 124 108 103
1403638198.8950970172882 149 148 148 137 122
1403638198.9450969696045 122 122 122 109 109
1403638198.9950969219208 150 149 149 132 128
1403638199.0450971126556 128 128 128 108 108
1403638199.0950970649719 150 150 149 122 116
1403638199.1450970172882 116 115 115 105 105
1403638199.1950969696045 150 148 148 118 103
1403638199.2450969219208 103 103 103 86 84
1403638199.2950971126556 147 146 145 125 115
1403638199.3450970649719 115 115 115 100 96
1403638199.3950970172882 150 150 150 124 123
1403638199.4450969696045 123 123 123 104 97
1403638199.4950969219208 150 150 150 125 123
1403638199.5450971126556 123 123 123 94 87
1403638199.5950970649719 150 150 148 125 111
1403638199.6450970172882 111 111 111 86 84
1403638199.6950969696045 150 149 148 118 104
1403638199.7450969219208 104 104 104 87 82
1403638199.7950971126556 150 150 149 116 98
1403638199.8450970649719 98 98 98 83 75
1403638199.8950970172882 150 150 148 127 110
1403638199.9450969696045 110 110 110 93 91
1403638199.9950969219208 150 148 147 118 95
1403638200.0450971126556 95 95 95 74 73
1403638200.0950970649719 150 149 147 125 114
1403638200.1450970172882 114 114 114 87 80
1403638200.1950969696045 150 148 148 119 107
1403638200.2450969219208 107 105 105 84 78
1403638200.2950971126556 150 148 147 112 88
1403638200.3450970649719 88 88 88 66 54
1403638200.3950970172882 150 148 148 122 101
1403638200.4450969696045 101 101 101 85 77
1403638200.4950969219208 150 148 147 107 91
1403638200.5450971126556 91 91 91 73 67
1403638200.5950970649719 150 148 147 114 101
1403638200.6450970172882 101 101 101 72 67
1403638200.6950969696045 150 149 148 110 93
1403638200.7450969219208 93 93 93 68 65
1403638200.7950971126556 150 149 148 116 96
1403638200.8450970649719 96 96 96 79 77
1403638200.8950970172882 150 149 148 118 102
1403638200.9450969696045 102 101 101 74 68
1403638200.9950969219208 150 148 145 107 91
1403638201.0450971126556 91 91 91 66 57
1403638201.0950970649719 150 148 148 122 111
1403638201.1450970172882 111 111 111 90 83
1403638201.1950969696045 150 150 150 118 104
1403638201.2450969219208 104 104 104 93 86
1403638201.2950971126556 150 150 150 116 114
1403638201.3450970649719 114 114 114 95 93
1403638201.3950970172882 150 149 149 122 116
1403638201.4450969696045 116 116 116 91 91
1403638201.4950969219208 150 149 149 111 102
1403638201.5450971126556 102 102 102 85 84
1403638201.5950970649719 150 150 148 116 112
1403638201.6450970172882 112 111 111 90 87
1403638201.6950969696045 150 149 148 96 90
1403638201.7450969219208 90 90 90 70 69
1403638201.7950971126556 150 148 147 118 113
1403638201.8450970649719 113 113 113 95 92
1403638201.8950970172882 150 149 148 113 105
1403638201.9450969696045 105 105 105 85 78
1403638201.9950969219208 150 147 147 111 103
1403638202.0450971126556 103 103 103 88 82
1403638202.0950970649719 150 148 147 114 105
1403638202.1450970172882 105 104 104 84 76
1403638202.1950969696045 150 148 148 119 102
1403638202.2450969219208 102 102 102 85 82
1403638202.2950971126556 150 145 145 104 96
1403638202.3450970649719 96 96 96 86 84
1403638202.3950970172882 150 149 148 97 87
1403638202.4450969696045 87 87 87 73 68
1403638202.4950969219208 150 150 149 124 109
1403638202.5450971126556 109 109 109 86 82
1403638202.5950970649719 150 148 148 121 108
1403638202.6450970172882 108 106 106 74 64
1403638202.6950969696045 150 149 149 114 91
1403638202.7450969219208 91 91 91 81 74
1403638202.7950971126556 150 146 146 122 117
1403638202.8450970649719 117 117 117 90 83
1403638202.8950970172882 150 150 150 122 109
1403638202.9450969696045 109 109 109 82 73
1403638202.9950969219208 150 148 147 101 86
1403638203.0450971126556 86 86 86 66 66
1403638203.0950970649719 150 150 147 119 113
1403638203.1450970172882 113 113 113 90 76
1403638203.1950969696045 150 149 149 113 107
1403638203.2450969219208 107 107 107 88 86
1403638203.2950971126556 150 147 147 114 106
1403638203.3450970649719 106 106 106 95 88
1403638203.3950970172882 150 148 147 99 87
1403638203.4450969696045 87 87 87 78 78
1403638203.4950969219208 150 149 149 119 108
1403638203.5450971126556 108 108 108 97 89
1403638203.5950970649719 150 148 147 113 104
1403638203.6450970172882 104 104 104 90 82
1403638203.6950969696045 150 149 148 121 113
1403638203.7450969219208 113 113 113 98 92
1403638203.7950971126556 150 149 149 115 111
1403638203.8450970649719 111 111 111 95 85
1403638203.8950970172882 150 149 148 120 107
1403638203.9450969696045 107 107 107 91 91
1403638203.9950969219208 150 147 147 117 107
1403638204.0450971126556 107 107 107 96 93
1403638204.0950970649719 150 149 149 103 93
1403638204.1450970172882 93 93 93 78 72
1403638204.1950969696045 150 149 148 115 93
1403638204.2450969219208 93 93 93 85 81
1403638204.2950971126556 150 147 147 118 112
1403638204.3450970649719 112 112 112 98 98
1403638204.3950970172882 150 148 148 130 121
1403638204.4450969696045 121 121 121 108 103
1403638204.4950969219208 150 148 147 130 125
1403638204.5450971126556 125 125 125 109 100
1403638204.5950970649719 150 148 148 131 123
1403638204.6450970172882 123 123 123 108 103
1403638204.6950969696045 150 150 149 131 118
1403638204.7450969219208 118 117 117 109 102
1403638204.7950971126556 150 146 146 102 96
1403638204.8450970649719 96 96 96 90 87
1403638204.8950970172882 150 146 145 127 124
1403638204.9450969696045 124 124 124 112 103
1403638204.9950969219208 150 148 148 134 119
1403638205.0450971126556 119 119 119 111 102
1403638205.0950970649719 150 144 141 111 89
1403638205.1450970172882 89 88 88 81 80
1403638205.1950969696045 150 146 145 131 114
1403638205.2450969219208 114 112 112 98 92
1403638205.2950971126556 150 148 147 128 118
1403638205.3450970649719 118 118 118 100 94
1403638205.3950970172882 150 141 139 121 111
1403638205.4450969696045 111 110 110 92 87
1403638205.4950969219208 150 145 145 124 100
1403638205.5450971126556 100 100 100 86 83
1403638205.5950970649719 150 146 145 119 109
1403638205.6450970172882 109 107 107 94 89
1403638205.6950969696045 150 143 143 120 114
1403638205.7450969219208 114 114 114 102 96
1403638205.7950971126556 150 146 146 120 114
1403638205.8450970649719 114 111 111 88 78
1403638205.8950970172882 150 145 145 119 105
1403638205.9450969696045 105 101 101 82 78
1403638205.9950969219208 150 143 141 127 98
1403638206.0450971126556 98 98 98 82 73
1403638206.0950970649719 150 142 142 106 92
1403638206.1450970172882 92 92 92 75 59
1403638206.1950969696045 150 143 143 118 90
1403638206.2450969219208 90 89 89 67 60
1403638206.2950971126556 150 142 139 84 70
1403638206.3450970649719 70 70 70 57 51
1403638206.3950970172882 150 146 145 109 86
1403638206.4450969696045 86 86 86 72 63
1403638206.4950969219208 150 140 140 112 101
1403638206.5450971126556 101 101 101 84 84
1403638206.5950970649719 150 140 140 111 86
1403638206.6450970172882 86 86 86 68 67
1403638206.6950969696045 150 147 147 126 105
1403638206.7450969219208 105 105 105 89 77
1403638206.7950971126556 150 145 144 120 102
1403638206.8450970649719 102 102 102 87 83
1403638206.8950970172882 150 144 142 98 67
1403638206.9450969696045 67 67 67 58 51
1403638206.9950969219208 150 146 146 125 108
1403638207.0450971126556 108 107 107 82 69
1403638207.0950970649719 150 148 148 126 112
1403638207.1450970172882 112 112 112 94 90
1403638207.1950969696045 150 149 147 115 98
1403638207.2450969219208 98 98 98 80 74
1403638207.2950971126556 150 145 145 123 109
1403638207.3450970649719 109 108 108 93 80
1403638207.3950970172882 150 148 147 119 105
1403638207.4450969696045 105 102 102 93 91
1403638207.4950969219208 150 146 146 111 84
1403638207.5450971126556 84 84 84 70 61
1403638207.5950970649719 150 142 142 120 97
1403638207.6450970172882 97 97 97 80 65
1403638207.6950969696045 147 140 140 119 103
1403638207.7450969219208 103 103 103 86 75
1403638207.7950971126556 150 146 144 122 110
1403638207.8450970649719 110 109 109 94 84
1403638207.8950970172882 150 146 144 116 103
1403638207.9450969696045 103 103 103 80 75
1403638207.9950969219208 150 148 148 124 109
1403638208.0450971126556 109 108 108 94 92
1403638208.0950970649719 150 149 149 132 123
1403638208.1450970172882 123 123 123 110 106
1403638208.1950969696045 150 148 148 122 111
1403638208.2450969219208 111 111 111 96 88
1403638208.2950971126556 150 150 150 133 123
1403638208.3450970649719 123 122 122 114 98
1403638208.3950970172882 150 149 148 130 122
1403638208.4450969696045 122 122 122 116 112
1403638208.4950969219208 150 149 149 132 117
1403638208.5450971126556 117 117 117 101 86
1403638208.5950970649719 150 148 148 128 110
1403638208.6450970172882 110 110 110 96 93
1403638208.6950969696045 150 148 147 130 106
1403638208.7450969219208 106 106 106 97 95
1403638208.7950971126556 150 147 147 131 124
1403638208.8450970649719 124 124 124 110 101
1403638208.8950970172882 150 148 147 132 116
1403638208.9450969696045 116 116 116 108 106
1403638208.9950969219208 150 150 150 134 128
1403638209.0450971126556 128 128 128 113 105
1403638209.0950970649719 150 149 149 131 126
1403638209.1450970172882 126 126 126 114 110
1403638209.1950969696045 150 149 149 127 124
1403638209.2450969219208 124 124 124 118 111
1403638209.2950971126556 150 146 146 131 125
1403638209.3450970649719 125 125 125 115 109
1403638209.3950970172882 150 150 149 133 127
1403638209.4450969696045 127 126 126 113 112
1403638209.4950969219208 150 147 146 131 120
1403638209.5450971126556 120 119 119 104 99
1403638209.5950970649719 150 150 150 135 126
1403638209.6450970172882 126 126 126 114 97
1403638209.6950969696045 150 150 150 132 121
1403638209.7450969219208 121 121 121 109 102
1403638209.7950971126556 150 150 150 126 123
1403638209.8450970649719 123 123 123 104 101
1403638209.8950970172882 150 149 149 104 102
1403638209.9450969696045 102 101 101 91 89
1403638209.9950969219208 150 148 147 127 121
1403638210.0450971126556 121 121 121 110 109
1403638210.0950970649719 150 149 148 129 119
1403638210.1450970172882 119 119 119 103 96
1403638210.1950969696045 150 150 150 127 111
1403638210.2450969219208 111 111 111 93 93
1403638210.2950971126556 150 150 150 129 119
1403638210.3450970649719 119 118 118 105 97
1403638210.3950970172882 150 147 147 136 133
1403638210.4450969696045 133 133 133 118 114
1403638210.4950969219208 150 149 149 131 123
1403638210.5450971126556 123 122 122 108 105
1403638210.5950970649719 150 150 149 122 117
1403638210.6450970172882 117 117 117 97 92
1403638210.6950969696045 150 149 149 124 120
1403638210.7450969219208 120 119 119 101 93
1403638210.7950971126556 150 150 150 108 104
1403638210.8450970649719 104 104 104 91 89
1403638210.8950970172882 150 150 149 135 131
1403638210.9450969696045 131 131 131 112 108
1403638210.9950969219208 150 149 149 122 119
1403638211.0450971126556 119 119 119 107 103
1403638211.0950970649719 150 149 149 124 116
1403638211.1450970172882 116 116 116 102 100
1403638211.1950969696045 150 150 150 132 128
1403638211.2450969219208 128 128 128 116 107
1403638211.2950971126556 150 149 149 135 132
1403638211.3450970649719 132 132 132 116 106
1403638211.3950970172882 150 150 150 127 126
1403638211.4450969696045 126 124 124 110 109
1403638211.4950969219208 150 147 147 127 122
1403638211.5450971126556 122 122 122 107 104
1403638211.5950970649719 150 148 148 131 121
1403638211.6450970172882 121 121 121 105 102
1403638211.6950969696045 150 150 150 124 110
1403638211.7450969219208 110 109 109 94 91
1403638211.7950971126556 150 149 148 127 121
1403638211.8450970649719 121 120 120 102 102
1403638211.8950970172882 150 147 147 121 113
1403638211.9450969696045 113 112 112 95 91
1403638211.9950969219208 150 149 148 125 113
1403638212.0450971126556 113 113 113 94 94
1403638212.0950970649719 150 144 144 119 111
1403638212.1450970172882 111 110 110 98 94
1403638212.1950969696045 150 147 146 122 112
1403638212.2450969219208 112 111 111 92 91
1403638212.2950971126556 150 146 146 133 122
1403638212.3450970649719 122 122 122 105 95
1403638212.3950970172882 150 147 147 128 116
1403638212.4450969696045 116 116 116 85 81
1403638212.4950969219208 150 143 143 115 107
1403638212.5450971126556 107 107 107 95 83
1403638212.5950970649719 150 146 146 131 115
1403638212.6450970172882 115 113 113 91 85
1403638212.6950969696045 150 148 148 131 116
1403638212.7450969219208 116 114 114 97 90
1403638212.7950971126556 150 144 140 120 108
1403638212.8450970649719 108 107 107 91 85
1403638212.8950970172882 150 145 144 111 101
1403638212.9450969696045 101 100 100 88 83
1403638212.9950969219208 150 144 142 114 104
1403638213.0450971126556 104 102 102 78 71
1403638213.0950970649719 150 145 144 110 95
1403638213.1450970172882 95 94 94 76 69
1403638213.1950969696045 150 141 141 102 83
1403638213.2450969219208 83 82 82 63 60
1403638213.2950971126556 150 145 145 107 90
1403638213.3450970649719 90 87 87 61 48
1403638213.3950970172882 150 142 142 115 87
1403638213.4450969696045 87 85 85 69 59
1403638213.4950969219208 150 138 137 90 79
1403638213.5450971126556 79 79 79 69 69
1403638213.5950970649719 150 142 140 102 86
1403638213.6450970172882 86 82 82 63 57
1403638213.6950969696045 150 139 139 112 103
1403638213.7450969219208 103 103 103 87 79
1403638213.7950971126556 150 144 142 112 95
1403638213.8450970649719 95 94 94 82 81
1403638213.8950970172882 150 146 145 125 110
1403638213.9450969696045 110 109 109 90 86
1403638213.9950969219208 150 148 148 117 110
1403638214.0450971126556 110 109 109 99 97
1403638214.0950970649719 150 146 146 119 108
1403638214.1450970172882 108 108 108 88 80
1403638214.1950969696045 150 147 147 126 115
1403638214.2450969219208 115 115 115 96 91
1403638214.2950971126556 150 147 147 122 112
1403638214.3450970649719 112 111 111 98 97
1403638214.3950970172882 150 147 147 126 120
1403638214.4450969696045 120 120 120 108 108
1403638214.4950969219208 150 149 149 120 120
1403638214.5450971126556 120 118 118 100 94
1403638214.5950970649719 150 149 149 126 122
1403638214.6450970172882 122 121 121 105 103
1403638214.6950969696045 150 141 141 118 115
1403638214.7450969219208 115 114 114 95 90
1403638214.7950971126556 150 145 145 127 124
1403638214.8450970649719 124 123 123 108 106
1403638214.8950970172882 150 148 148 127 124
1403638214.9450969696045 124 123 123 102 102
1403638214.9950969219208 150 149 149 135 131
1403638215.0450971126556 131 131 131 116 116
1403638215.0950970649719 150 147 147 128 123
1403638215.1450970172882 123 122 122 108 108
1403638215.1950969696045 150 148 148 126 123
1403638215.2450969219208 123 123 123 107 102
1403638215.2950971126556 150 146 146 128 126
1403638215.3450970649719 126 126 126 108 107
1403638215.3950970172882 150 148 148 129 123
1403638215.4450969696045 123 122 122 106 106
1403638215.4950969219208 150 146 146 130 129
1403638215.5450971126556 129 129 129 110 108
1403638215.5950970649719 150 146 146 132 132
1403638215.6450970172882 132 132 132 121 118
1403638215.6950969696045 150 149 149 132 130
1403638215.7450969219208 130 130 130 114 110
1403638215.7950971126556 150 148 148 128 128
1403638215.8450970649719 128 128 127 114 111
1403638215.8950970172882 150 150 150 108 106
1403638215.9450969696045 106 106 106 94 93
1403638215.9950969219208 150 147 147 129 128
1403638216.0450971126556 128 128 128 113 108
1403638216.0950970649719 150 147 147 129 126
1403638216.1450970172882 126 126 126 113 112
1403638216.1950969696045 150 149 149 133 122
1403638216.2450969219208 122 122 122 105 102
1403638216.2950971126556 150 150 150 138 136
1403638216.3450970649719 136 136 136 118 117
1403638216.3950970172882 150 150 150 130 128
1403638216.4450969696045 128 127 127 114 111
1403638216.4950969219208 150 149 148 130 129
1403638216.5450971126556 129 128 128 118 118
1403638216.5950970649719 150 149 149 138 135
1403638216.6450970172882 135 135 133 113 110
1403638216.6950969696045 150 149 149 131 129
1403638216.7450969219208 129 129 129 119 118
1403638216.7950971126556 150 148 148 131 126
1403638216.8450970649719 126 126 126 122 121
1403638216.8950970172882 150 148 148 131 130
1403638216.9450969696045 130 130 127 112 109
1403638216.9950969219208 150 149 148 137 127
1403638217.0450971126556 127 127 127 109 106
1403638217.0950970649719 150 146 146 129 120
1403638217.1450970172882 120 120 120 103 98
1403638217.1950969696045 150 147 144 138 136
1403638217.2450969219208 136 133 133 120 118
1403638217.2950971126556 150 147 147 131 123
1403638217.3450970649719 123 123 123 112 112
1403638217.3950970172882 150 150 150 137 134
1403638217.4450969696045 134 134 134 121 121
1403638217.4950969219208 150 149 149 136 134
1403638217.5450971126556 134 134 134 122 122
1403638217.5950970649719 150 150 150 133 129
1403638217.6450970172882 129 128 128 121 121
1403638217.6950969696045 150 147 147 134 132
1403638217.7450969219208 132 132 132 124 124
1403638217.7950971126556 150 147 147 135 133
1403638217.8450970649719 133 133 133 126 126
1403638217.8950970172882 150 150 150 144 143
1403638217.9450969696045 143 142 142 133 133
1403638217.9950969219208 150 150 150 143 141
1403638218.0450971126556 141 140 140 133 133
1403638218.0950970649719 150 149 149 144 144
1403638218.1450970172882 144 143 143 136 136
1403638218.1950969696045 150 149 149 140 140
1403638218.2450969219208 140 140 140 131 131
1403638218.2950971126556 150 150 150 140 140
1403638218.3450970649719 140 139 139 135 135
1403638218.3950970172882 150 150 150 144 144
1403638218.4450969696045 144 143 143 141 141
1403638218.4950969219208 150 150 150 146 146
1403638218.5450971126556 146 146 146 142 142
1403638218.5950970649719 150 150 150 143 143
1403638218.6450970172882 143 143 143 139 139
1403638218.6950969696045 150 147 147 142 142
1403638218.7450969219208 142 141 141 134 134
1403638218.7950971126556 150 150 150 137 137
1403638218.8450970649719 137 137 137 135 135
1403638218.8950970172882 150 149 149 129 129
1403638218.9450969696045 129 128 128 126 126
1403638218.9950969219208 150 149 147 142 142
1403638219.0450971126556 142 142 142 142 142
1403638219.0950970649719 150 150 150 143 143
1403638219.1450970172882 143 143 143 141 141
1403638219.1950969696045 150 150 150 147 147
1403638219.2450969219208 147 146 146 141 141
1403638219.2950971126556 150 149 148 141 141
1403638219.3450970649719 141 141 141 133 133
1403638219.3950970172882 150 147 147 137 137
1403638219.4450969696045 137 137 137 129 128
1403638219.4950969219208 150 150 150 140 140
1403638219.5450971126556 140 140 140 138 138
1403638219.5950970649719 150 150 150 142 141
1403638219.6450970172882 141 141 141 138 138
1403638219.6950969696045 150 150 150 142 142
1403638219.7450969219208 142 142 142 130 130
1403638219.7950971126556 150 150 150 141 141
1403638219.8450970649719 141 141 141 136 136
1403638219.8950970172882 150 149 148 138 138
1403638219.9450969696045 138 138 138 130 130
1403638219.9950969219208 150 149 149 136 135
1403638220.0450971126556 135 135 135 133 130
1403638220.0950970649719 150 148 148 126 126
1403638220.1450970172882 126 126 126 122 122
1403638220.1950969696045 150 149 149 140 138
1403638220.2450969219208 138 138 138 131 131
1403638220.2950971126556 150 148 148 141 141
1403638220.3450970649719 141 141 141 137 137
1403638220.3950970172882 150 150 149 140 140
1403638220.4450969696045 140 140 140 136 136
1403638220.4950969219208 150 150 150 144 144
1403638220.5450971126556 144 144 144 140 138
1403638220.5950970649719 150 150 150 143 143
1403638220.6450970172882 143 143 143 135 135
1403638220.6950969696045 150 150 150 142 142
1403638220.7450969219208 142 142 142 136 136
1403638220.7950971126556 150 150 150 143 143
1403638220.8450970649719 143 143 143 137 137
1403638220.8950970172882 150 150 150 144 144
1403638220.9450969696045 144 144 144 138 138
1403638220.9950969219208 150 150 150 142 142
1403638221.0450971126556 142 142 142 138 138
1403638221.0950970649719 150 150 150 143 143
1403638221.1450970172882 143 143 143 137 137
1403638221.1950969696045 150 150 150 139 139
1403638221.2450969219208 139 139 139 133 133
1403638221.2950971126556 150 150 149 124 124
1403638221.3450970649719 124 124 124 119 119
1403638221.3950970172882 150 150 150 138 138
1403638221.4450969696045 138 138 138 136 136
1403638221.4950969219208 150 150 150 137 137
1403638221.5450971126556 137 137 137 128 128
1403638221.5950970649719 150 150 150 145 142
1403638221.6450970172882 142 142 142 139 139
1403638221.6950969696045 150 150 150 143 142
1403638221.7450969219208 142 142 142 134 134
1403638221.7950971126556 150 150 150 142 142
1403638221.8450970649719 142 142 142 135 135
1403638221.8950970172882 150 150 150 146 146
1403638221.9450969696045 146 146 146 135 135
1403638221.9950969219208 150 150 150 139 138
1403638222.0450971126556 138 138 138 135 134
1403638222.0950970649719 150 150 150 137 137
1403638222.1450970172882 137 137 137 129 129
1403638222.1950969696045 150 150 150 137 136
1403638222.2450969219208 136 136 136 128 128
1403638222.2950971126556 150 149 149 140 139
1403638222.3450970649719 139 139 139 130 125
1403638222.3950970172882 150 150 150 134 134
1403638222.4450969696045 134 134 134 125 125
1403638222.4950969219208 150 150 150 133 133
1403638222.5450971126556 133 133 133 125 125
1403638222.5950970649719 150 150 150 137 135
1403638222.6450970172882 135 135 135 124 123
1403638222.6950969696045 150 150 150 137 135
1403638222.7450969219208 135 135 135 130 129
1403638222.7950971126556 150 150 150 141 139
1403638222.8450970649719 139 137 137 131 129
1403638222.8950970172882 150 148 148 138 131
1403638222.9450969696045 131 131 131 118 117
1403638222.9950969219208 150 150 150 143 139
1403638223.0450971126556 139 139 139 130 130
1403638223.0950970649719 150 148 148 135 131
1403638223.1450970172882 131 131 131 123 118
1403638223.1950969696045 150 148 147 133 132
1403638223.2450969219208 132 131 131 124 124
1403638223.2950971126556 150 149 148 133 133
1403638223.3450970649719 133 133 133 127 127
1403638223.3950970172882 150 150 150 130 122
1403638223.4450969696045 122 121 121 117 117
1403638223.4950969219208 150 150 150 136 131
1403638223.5450971126556 131 130 130 120 111
1403638223.5950970649719 150 150 150 134 124
1403638223.6450970172882 124 123 123 117 115
1403638223.6950969696045 150 148 147 118 107
1403638223.7450969219208 107 107 107 101 99
1403638223.7950971126556 150 149 149 129 115
1403638223.8450970649719 115 115 115 107 107
1403638223.8950970172882 150 150 150 136 116
1403638223.9450969696045 116 116 116 111 108
1403638223.9950969219208 150 148 148 131 119
1403638224.0450971126556 119 119 119 108 97
1403638224.0950970649719 150 148 148 129 109
1403638224.1450970172882 109 109 108 94 87
1403638224.1950969696045 150 147 145 122 109
1403638224.2450969219208 109 109 109 102 91
1403638224.2950971126556 150 150 150 133 120
1403638224.3450970649719 120 120 120 112 107
1403638224.3950970172882 150 150 150 138 126
1403638224.4450969696045 126 126 126 119 114
1403638224.4950969219208 150 150 150 140 127
1403638224.5450971126556 127 127 127 117 114
1403638224.5950970649719 150 150 150 130 123
1403638224.6450970172882 123 122 121 100 78
1403638224.6950969696045 150 149 148 123 104
1403638224.7450969219208 104 104 104 87 78
1403638224.7950971126556 150 148 148 121 98
1403638224.8450970649719 98 98 98 89 84
1403638224.8950970172882 150 148 148 125 113
1403638224.9450969696045 113 112 112 103 97
1403638224.9950969219208 150 145 145 130 124
1403638225.0450971126556 124 124 124 116 110
1403638225.0950970649719 150 149 149 134 129
1403638225.1450970172882 129 129 129 121 117
1403638225.1950969696045 150 146 146 137 133
1403638225.2450969219208 133 133 133 128 118
1403638225.2950971126556 150 147 147 115 109
1403638225.3450970649719 109 106 106 97 92
1403638225.3950970172882 150 146 146 138 122
1403638225.4450969696045 122 121 121 107 100
1403638225.4950969219208 150 147 147 129 125
1403638225.5450971126556 125 125 125 115 111
1403638225.5950970649719 150 146 145 128 119
1403638225.6450970172882 119 119 119 111 106
1403638225.6950969696045 150 149 146 116 99
1403638225.7450969219208 99 99 99 80 68
1403638225.7950971126556 150 145 143 88 69
1403638225.8450970649719 69 68 68 60 58
1403638225.8950970172882 150 149 144 67 47
1403638225.9450969696045 47 46 46 32 31
1403638225.9950969219208 150 141 136 37 35
1403638226.0450971126556 35 33 33 21 18
1403638226.0950970649719 150 144 141 43 27
1403638226.1450970172882 27 27 27 18 17
1403638226.1950969696045 150 140 136 89 71
1403638226.2450969219208 71 71 71 28 22
1403638226.2950971126556 150 138 136 55 45
1403638226.3450970649719 45 45 45 23 20
1403638226.3950970172882 150 150 150 134 127
1403638226.4450969696045 127 127 127 124 122
1403638226.4950969219208 150 150 150 147 147
1403638226.5450971126556 147 147 147 137 137
1403638226.5950970649719 150 150 150 147 146
1403638226.6450970172882 146 146 146 145 145
1403638226.6950969696045 150 149 149 146 146
1403638226.7450969219208 146 146 146 144 144
1403638226.7950971126556 150 149 149 138 138
1403638226.8450970649719 138 138 138 138 138
1403638226.8950970172882 150 149 149 144 144
1403638226.9450969696045 144 144 144 144 144
1403638226.9950969219208 150 150 150 146 146
1403638227.0450971126556 146 146 146 146 146
1403638227.0950970649719 150 150 150 147 147
1403638227.1450970172882 147 147 147 147 147
1403638227.1950969696045 150 150 150 146 146
1403638227.2450969219208 146 146 146 145 145
1403638227.2950971126556 150 150 150 149 149
1403638227.3450970649719 149 149 149 148 148
1403638227.3950970172882 150 150 150 150 150
1403638227.4450969696045 150 150 150 148 148
1403638227.4950969219208 150 150 150 147 147
1403638227.5450971126556 147 147 147 146 146
1403638227.5950970649719 150 150 150 149 149
1403638227.6450970172882 149 149 149 149 149
1403638227.6950969696045 150 150 150 147 147
1403638227.7450969219208 147 147 147 145 145
1403638227.7950971126556 150 150 150 150 150
1403638227.8450970649719 150 150 150 149 149
1403638227.8950970172882 150 150 150 149 149
1403638227.9450969696045 149 149 149 149 149
1403638227.9950969219208 150 150 150 149 149
1403638228.0450971126556 149 149 149 149 149
1403638228.0950970649719 150 150 150 147 147
1403638228.1450970172882 147 147 147 146 146
1403638228.1950969696045 150 150 150 150 150
1403638228.2450969219208 150 150 150 148 148
1403638228.2950971126556 150 150 150 146 146
1403638228.3450970649719 146 146 146 146 146
1403638228.3950970172882 150 150 150 147 147
1403638228.4450969696045 147 147 147 147 147
1403638228.4950969219208 150 150 150 145 145
1403638228.5450971126556 145 145 145 145 145
1403638228.5950970649719 150 150 150 144 144
1403638228.6450970172882 144 144 144 143 143
1403638228.6950969696045 150 150 150 144 144
1403638228.7450969219208 144 144 144 144 144
1403638228.7950971126556 150 150 150 143 143
1403638228.8450970649719 143 143 143 136 136
